Percent_time_lt6psu_100mGrid_UTM_2018Action_01_Summer Operation.asc
ncols         302 
nrows         249 
xllcorner     574000.000000 
yllcorner     4208300.000000 
cellsize      100.000000 
NODATA_value  -9999 
[rows 198 to 230 of 249, columns 219 to 291 of 302]
-9999 -9999 -9999 -9999 -9999 -9999 -9999 -9999 -9999 -9999 -9999 -9999 -9999 -9999 -9999 -9999 -9999 -9999 -9999 -9999 -9999 -9999 -9999 -9999 -9999 -9999 -9999 -9999 -9999 -9999 -9999 91.58699 91.58008 90.26157 89.50770 89.59724 89.63117 89.68358 89.84060 90.06123 90.34926 90.65906 90.99011 91.61134 92.26570 92.71488 93.24763 93.82267 94.16461 94.41243 94.61098 94.68156 94.91213 95.05611 95.08167 95.23961 95.49971 95.88581 96.24774 96.65564 97.54709 97.89129 97.70997 98.06887 98.49051 98.75356 98.89834 98.94285 98.96701 99.03189 99.19884 99.30899 99.48374
-9999 -9999 -9999 -9999 -9999 -9999 -9999 -9999 -9999 -9999 -9999 -9999 -9999 -9999 -9999 -9999 -9999 -9999 -9999 -9999 -9999 -9999 -9999 -9999 -9999 -9999 -9999 -9999 -9999 90.67934 90.51675 90.58853 89.35761 88.72849 88.90832 89.10371 89.21255 89.17924 89.39812 89.56064 89.98839 90.42141 91.10431 92.83858 93.77140 94.76510 94.98092 95.13513 95.22476 95.33572 95.44029 95.28927 95.34541 95.36268 95.44441 95.55514 95.48799 95.31770 95.82481 96.26077 96.29181 96.61992 -9999 97.81401 98.60053 98.82383 98.97222 98.99412 98.96556 98.98802 99.37626 99.38551 99.45670
-9999 -9999 -9999 -9999 -9999 -9999 -9999 -9999 -9999 -9999 -9999 -9999 -9999 -9999 -9999 -9999 -9999 -9999 -9999 -9999 -9999 -9999 -9999 -9999 -9999 -9999 -9999 -9999 90.00951 89.92498 89.45914 88.33133 88.00756 88.16321 88.50060 88.65437 88.81736 88.81310 89.09172 89.45161 90.17671 91.18833 93.00540 95.27180 96.11074 95.51745 95.69799 95.88640 95.93668 96.20048 96.30533 96.23532 96.03110 95.87006 95.81314 95.77241 95.81855 95.20996 95.19967 95.47753 95.79850 96.47126 -9999 -9999 -9999 -9999 -9999 -9999 -9999 99.45348 99.61285 99.68825 99.71779
66.76829 -9999 -9999 -9999 -9999 -9999 -9999 -9999 -9999 -9999 -9999 -9999 -9999 -9999 -9999 -9999 -9999 -9999 -9999 -9999 -9999 -9999 -9999 -9999 -9999 -9999 -9999 89.11835 89.22200 88.53895 87.32678 87.24858 87.32901 87.71187 88.11833 88.40193 88.30681 88.62532 88.99336 89.85745 90.95112 92.35881 94.24527 95.89146 97.08507 97.10478 96.65511 96.56108 96.46424 96.73822 97.00416 97.06343 97.05696 96.76864 96.44730 96.25373 96.15171 95.93957 95.60423 95.45239 96.05905 96.61673 97.66269 -9999 -9999 -9999 -9999 -9999 -9999 -9999 -9999 -9999 99.82101
67.36824 67.92071 68.35676 69.00785 69.32793 -9999 -9999 -9999 -9999 -9999 -9999 -9999 -9999 -9999 -9999 -9999 -9999 -9999 -9999 -9999 -9999 -9999 -9999 -9999 -9999 88.31998 88.29842 88.35416 87.54173 86.40919 86.31168 86.70185 86.98771 87.30681 87.73232 87.93657 88.16509 88.72860 89.30765 90.48245 91.69341 93.01556 94.46109 95.93113 96.78345 97.62288 97.62018 97.39371 97.30161 97.14491 97.43393 97.63482 97.76240 97.75522 97.57501 97.24727 96.93970 96.47034 96.31794 96.25821 96.46474 97.18227 97.88641 -9999 -9999 -9999 -9999 -9999 -9999 -9999 -9999 -9999 -9999
68.01190 68.66940 69.17265 69.48390 69.97521 70.39726 70.87992 72.08608 -9999 -9999 -9999 -9999 -9999 -9999 -9999 -9999 -9999 -9999 -9999 -9999 -9999 -9999 -9999 -9999 87.80649 87.59241 87.50190 86.37448 85.58801 85.28620 85.74007 86.38705 86.69126 87.09620 87.54035 87.82292 88.21800 88.79234 89.86257 91.02052 92.16085 93.28580 94.44147 95.80454 96.70534 97.33827 97.68778 98.05632 98.29361 97.84342 97.90535 98.15741 98.35952 98.44229 98.37508 98.18466 97.99273 97.42354 97.09563 97.06866 97.00986 97.76288 98.50329 98.75609 -9999 -9999 -9999 -9999 -9999 -9999 -9999 -9999 -9999
-9999 -9999 -9999 -9999 -9999 71.42525 71.43238 71.43950 72.48545 -9999 -9999 -9999 -9999 -9999 -9999 -9999 -9999 -9999 -9999 -9999 -9999 -9999 -9999 87.80525 87.14748 86.57556 85.31476 84.69004 84.51389 85.00346 85.58783 86.14250 86.57227 87.02014 87.38948 87.76740 88.28668 89.28455 90.35298 91.41509 92.42634 93.31427 94.24199 95.65736 96.57077 97.55456 98.79883 98.87120 98.73849 98.48758 98.32002 98.45096 98.57379 98.67758 98.66780 98.59540 98.42902 98.20943 97.93722 97.72462 97.76564 98.15604 98.71877 98.99523 99.19953 -9999 -9999 -9999 -9999 -9999 -9999 -9999 -9999
-9999 -9999 -9999 -9999 -9999 -9999 -9999 72.60260 72.38008 73.19774 -9999 -9999 -9999 -9999 -9999 -9999 -9999 -9999 -9999 -9999 -9999 -9999 87.80400 86.91637 85.42694 84.28706 83.86215 83.86546 84.44962 84.98682 85.51528 85.98835 86.41745 86.81970 87.18998 87.65040 88.51148 89.53438 90.59455 91.55880 92.49393 93.04119 94.55780 95.84631 97.04402 98.40575 98.84172 98.67415 98.62601 98.58626 98.63625 98.68143 98.74565 98.83249 98.83234 98.79733 98.67998 98.54143 98.34056 98.26677 98.27848 98.49070 98.81039 99.24319 99.39262 -9999 -9999 -9999 -9999 -9999 -9999 -9999 -9999
-9999 -9999 -9999 -9999 -9999 -9999 -9999 -9999 73.64388 73.42422 74.08659 -9999 -9999 -9999 -9999 -9999 -9999 -9999 84.95416 86.08953 87.22491 87.35882 85.40962 84.07810 83.19544 82.81908 83.15899 83.96326 84.34054 84.84702 85.26629 85.80394 86.26835 86.75241 87.15973 87.92648 88.77221 89.91313 90.70377 91.44872 92.42055 93.94599 95.25841 96.68072 97.99549 98.76858 98.52429 98.23738 98.19093 98.60127 98.89478 98.86629 98.84862 98.94959 98.99522 99.00986 98.82523 98.78736 98.59828 98.58246 98.58770 98.64585 98.88255 99.37257 99.52557 -9999 -9999 -9999 -9999 -9999 -9999 -9999 -9999
-9999 -9999 -9999 -9999 -9999 -9999 -9999 -9999 -9999 75.15577 74.05680 74.78675 -9999 -9999 -9999 82.13978 83.51270 84.88562 86.28991 85.87460 84.85602 83.82500 82.39478 82.00610 81.91492 82.41176 83.11261 83.66590 84.14647 84.61872 85.24468 85.76221 86.15747 86.62125 87.37346 88.56724 89.49504 90.57059 91.33597 91.98346 93.49753 95.50848 96.97849 97.66591 98.12079 98.62686 97.75886 97.78517 97.80774 98.59118 98.95574 98.95144 98.98763 99.05452 99.15232 99.23725 99.09463 98.98366 98.82887 98.77935 98.81078 98.79754 98.92403 99.52892 99.64672 -9999 -9999 -9999 -9999 -9999 -9999 -9999 -9999
-9999 -9999 -9999 -9999 -9999 -9999 -9999 -9999 -9999 -9999 75.94919 78.00831 75.63003 77.88522 80.14322 82.40122 84.82308 84.16861 83.12817 82.22424 81.44581 81.14300 81.11404 81.25067 81.81681 82.40111 83.04467 83.62200 84.09980 84.62378 85.00491 85.31722 86.00239 87.00107 88.50474 90.16654 91.30943 92.18436 92.97999 94.33239 95.04053 96.94113 97.91059 98.39331 98.81254 98.60893 98.01232 98.09308 98.20757 98.55198 99.27247 99.14642 99.09325 99.13925 99.25775 99.39678 99.36187 99.18166 99.02963 98.90511 98.91225 98.94378 99.02444 99.60023 99.71608 -9999 -9999 -9999 -9999 -9999 -9999 -9999 -9999
-9999 -9999 -9999 -9999 -9999 -9999 -9999 -9999 -9999 -9999 78.29545 84.81069 78.09435 80.28763 81.40371 81.55458 80.74138 80.26852 79.62202 79.53629 79.79541 79.94295 80.58713 81.21926 81.73109 82.32469 82.86896 83.45584 83.99104 84.31898 84.77922 85.42572 86.65398 88.20413 90.37309 91.76991 92.72847 93.66572 94.49025 95.27749 96.38540 97.70508 98.85793 98.94149 -9999 -9999 -9999 -9999 -9999 -9999 99.21139 99.58980 99.18406 99.21814 99.43029 99.53834 99.51217 99.35536 99.22509 99.04574 99.03676 99.10674 99.15072 99.61120 99.78572 -9999 -9999 -9999 -9999 -9999 -9999 -9999 -9999
-9999 -9999 -9999 -9999 -9999 -9999 -9999 -9999 -9999 80.30388 80.64171 81.36920 79.52687 78.96583 78.40386 78.26757 77.80868 78.00472 78.38440 78.76669 79.27789 79.85235 80.41842 81.03521 81.56220 82.19789 82.73963 83.25043 83.53347 84.07855 84.85521 86.27141 87.97881 90.17478 91.62515 92.51436 93.35064 94.04683 94.48401 95.35732 96.67235 98.54225 99.47138 99.51799 99.60928 -9999 -9999 -9999 -9999 -9999 99.78667 99.82939 99.29588 99.37973 99.50929 99.61272 99.61752 99.51046 99.37782 99.25073 99.23894 99.23174 99.30534 99.65282 99.79026 -9999 -9999 -9999 -9999 -9999 -9999 -9999 -9999
75.94952 76.85011 77.55708 77.99794 78.58450 79.44061 80.15894 80.89015 80.35640 76.51524 76.17362 76.21097 76.36155 76.32904 76.34532 76.59447 76.92961 77.42075 78.08404 78.36225 79.05193 79.75256 80.30398 80.87271 81.52677 82.09924 82.38449 82.73152 83.66868 84.47012 85.86226 87.78628 89.96098 91.00451 92.02676 92.94911 93.64737 94.23830 95.04762 95.97457 97.23320 98.78666 99.65494 99.90894 99.77362 99.84891 -9999 -9999 -9999 -9999 -9999 99.99728 99.64557 99.52374 99.59898 99.67369 99.68730 99.66323 99.54704 99.42804 99.42909 99.47830 99.55115 99.76513 99.83906 -9999 -9999 -9999 -9999 -9999 -9999 -9999 -9999
76.35058 76.69665 77.41227 78.46758 78.43328 78.10343 76.69180 74.29800 73.80005 73.82481 74.26973 74.61728 74.99052 75.40448 75.72544 76.12037 76.54712 77.10653 77.80747 78.31631 78.85813 79.41582 80.05387 80.74221 81.35391 81.70562 82.15881 82.88346 83.96316 85.07044 87.21176 89.39932 90.81724 91.70563 92.56054 93.15984 93.98651 94.71069 95.83155 96.94436 98.29896 99.04912 99.79352 100.00000 100.00000 100.00000 -9999 -9999 -9999 -9999 -9999 99.98059 99.82170 99.59948 99.66175 99.77385 99.81790 99.79758 99.68828 99.60683 99.60060 99.63751 99.70604 99.86389 99.88891 -9999 -9999 -9999 -9999 -9999 -9999 -9999 -9999
69.19831 69.60936 69.89524 70.41958 71.10019 71.36886 71.75092 72.37489 72.89851 73.31541 73.74187 74.15291 74.40651 75.01150 75.50245 76.05544 76.53795 77.04741 77.50702 78.00391 78.62095 79.14466 79.92529 80.34295 80.76616 81.59922 82.33230 83.60874 84.97597 86.93484 88.72851 90.34168 91.30685 92.25137 93.23200 93.96539 94.86949 95.64745 96.47962 97.80721 98.57402 99.15362 99.77091 99.84721 99.98292 -9999 -9999 -9999 -9999 -9999 -9999 99.98074 99.96051 99.68176 99.73276 99.84960 99.92822 99.87955 99.85983 99.76925 99.74200 99.75007 99.77794 99.94353 99.92528 -9999 -9999 -9999 -9999 -9999 -9999 -9999 -9999
68.25270 68.71873 69.27799 69.82520 70.38509 70.82171 71.31280 71.76894 72.18826 72.62758 73.05098 73.34062 73.94696 74.48942 75.45751 76.19327 76.44949 76.73910 77.13948 77.71097 78.41724 78.90947 79.47183 80.17441 80.91784 82.08753 83.31931 84.81550 86.66756 88.30726 89.74258 90.84169 91.91640 93.02988 94.33238 95.44585 96.55772 97.27753 97.77523 98.40331 98.69417 98.89921 99.53673 -9999 -9999 -9999 -9999 -9999 -9999 -9999 -9999 99.96167 99.99598 99.80357 99.85140 99.98021 100.00000 99.95815 99.92645 99.85136 99.85095 99.87053 99.90777 99.99759 99.96175 -9999 -9999 -9999 99.89907 99.89457 -9999 -9999 -9999
67.35318 67.94546 68.52633 69.20175 69.71179 70.20237 70.54485 71.01415 71.57881 71.98593 72.45426 73.00467 73.82751 74.33148 74.62515 75.21837 75.34357 76.19700 76.61955 77.42627 78.13619 78.67862 79.41568 80.37980 81.80993 83.12455 84.63222 86.19914 88.06308 89.30856 90.50906 91.58705 92.71146 93.98665 95.38653 96.87299 97.65044 98.23289 98.57209 98.74800 98.69257 98.91131 99.12476 99.31133 -9999 -9999 -9999 -9999 -9999 -9999 -9999 99.96486 99.98928 99.88568 99.92131 100.00000 100.00000 100.00000 99.97788 99.96290 99.94612 99.96672 99.98733 100.00000 99.99823 -9999 -9999 -9999 99.94291 99.92653 -9999 -9999 -9999
66.65651 67.27498 67.93538 68.67648 69.25358 69.89885 70.46875 70.77248 71.08965 71.68363 72.25464 72.90071 73.61059 73.92000 74.28127 74.52186 75.11114 75.66283 76.35967 77.35329 78.44445 79.51520 80.30457 81.57620 82.80946 84.18967 85.83910 87.41620 88.71431 90.01322 91.35190 92.26852 93.57355 94.68461 96.12779 97.24486 98.10800 98.40304 98.63492 98.39753 98.58213 98.81990 99.05767 99.28443 99.65960 -9999 -9999 -9999 -9999 -9999 -9999 -9999 99.98670 99.96898 100.00000 100.00000 100.00000 100.00000 99.99698 100.00000 100.00000 100.00000 100.00000 100.00000 100.00000 -9999 -9999 -9999 99.97074 -9999 -9999 -9999 99.94991
65.90432 66.56642 66.93846 67.51865 67.96030 68.40817 69.01259 69.56670 70.08948 70.91584 71.45724 72.00124 72.35213 72.76751 73.88614 74.49199 76.72268 77.13274 77.60600 78.53644 79.49468 80.39575 81.38209 82.60349 83.76911 85.41801 87.10567 88.31464 89.35325 90.66246 91.90266 93.07437 94.46261 95.36886 96.16279 96.95204 97.68640 98.12530 98.44082 98.65245 -9999 -9999 99.06349 99.18978 99.48153 99.67174 99.71896 -9999 -9999 -9999 -9999 -9999 99.98254 100.00000 100.00000 100.00000 100.00000 100.00000 100.00000 100.00000 100.00000 100.00000 100.00000 100.00000 100.00000 100.00000 -9999 100.00000 100.00000 99.99123 99.97524 -9999 99.96802
64.83702 65.03854 65.40981 66.01084 66.71270 67.40598 67.92431 68.74685 69.62836 70.37309 70.99100 71.90509 72.26159 73.73760 75.53966 77.03793 78.62602 79.29111 79.65838 80.05269 80.79284 81.58482 82.73655 83.98825 85.83712 86.89069 88.13078 89.10830 90.10267 91.31331 92.90890 94.20449 94.92274 95.65709 -9999 -9999 -9999 -9999 -9999 -9999 -9999 -9999 -9999 99.25155 99.44266 99.63850 99.77274 99.83911 -9999 -9999 -9999 -9999 -9999 100.00000 100.00000 100.00000 100.00000 100.00000 100.00000 100.00000 100.00000 100.00000 100.00000 100.00000 100.00000 100.00000 -9999 -9999 100.00000 100.00000 100.00000 -9999 99.99132
64.74728 64.85861 65.43991 66.34117 67.31501 68.09384 68.96264 69.47865 70.62040 72.01046 73.23099 73.87507 75.85855 77.28043 78.69707 79.47145 79.07054 80.37855 81.02894 81.24467 81.90994 82.79255 84.17881 85.92598 87.04363 87.90694 88.78297 90.18282 91.32820 92.04082 93.60368 94.40039 -9999 -9999 -9999 -9999 -9999 -9999 -9999 -9999 -9999 -9999 -9999 -9999 99.23056 99.50163 99.71378 99.86438 99.90211 -9999 -9999 -9999 -9999 100.00000 100.00000 100.00000 100.00000 100.00000 100.00000 100.00000 100.00000 100.00000 100.00000 100.00000 100.00000 100.00000 -9999 -9999 -9999 100.00000 100.00000 100.00000 100.00000
65.37015 65.73677 66.33041 67.21497 68.21818 69.29881 70.17292 71.50302 72.88244 73.94612 75.79992 77.56292 78.82677 80.70087 81.24699 82.91825 84.12193 82.71022 82.03547 82.08143 82.17587 83.20003 84.60764 86.49650 87.59305 88.34203 89.53762 90.84427 91.95487 92.66234 -9999 -9999 -9999 -9999 -9999 -9999 -9999 -9999 -9999 -9999 -9999 -9999 -9999 -9999 -9999 -9999 99.68262 99.83982 99.97994 100.00000 -9999 -9999 -9999 100.00000 100.00000 100.00000 100.00000 100.00000 100.00000 100.00000 100.00000 100.00000 100.00000 100.00000 100.00000 100.00000 100.00000 100.00000 100.00000 100.00000 100.00000 100.00000 100.00000
66.50306 67.31155 67.98305 69.03445 70.19651 71.52954 72.98391 74.67830 76.44942 77.99298 80.44904 80.73202 82.77417 83.75525 84.19298 84.30553 85.36337 86.25781 84.18875 82.97660 82.95063 83.15467 84.34889 86.50305 87.85925 89.38488 90.58502 91.52174 92.63234 -9999 -9999 -9999 -9999 -9999 -9999 -9999 -9999 -9999 -9999 -9999 -9999 -9999 -9999 -9999 -9999 -9999 99.53634 99.85444 99.98635 100.00000 -9999 -9999 -9999 100.00000 100.00000 100.00000 100.00000 100.00000 100.00000 100.00000 100.00000 100.00000 100.00000 100.00000 100.00000 100.00000 100.00000 100.00000 100.00000 100.00000 100.00000 100.00000 100.00000
69.92846 71.14233 72.48375 73.79014 75.23830 76.72864 78.12664 79.45299 81.63044 83.03571 84.29256 84.63012 84.83596 84.99902 84.94152 84.64336 -9999 -9999 87.79029 84.23760 84.25073 84.21365 84.30963 85.70078 88.27532 89.93105 -9999 -9999 -9999 -9999 -9999 -9999 -9999 -9999 -9999 -9999 -9999 -9999 -9999 -9999 -9999 -9999 -9999 -9999 -9999 -9999 -9999 99.70815 99.99100 100.00000 -9999 -9999 -9999 -9999 100.00000 100.00000 100.00000 100.00000 100.00000 100.00000 100.00000 100.00000 100.00000 100.00000 100.00000 100.00000 100.00000 100.00000 100.00000 100.00000 100.00000 100.00000 100.00000
74.73513 76.09195 77.08073 77.14333 77.17259 79.13450 80.26162 81.32611 82.29265 83.05587 83.84023 -9999 -9999 -9999 -9999 -9999 -9999 -9999 -9999 87.93877 85.03475 85.08204 84.42883 86.76793 89.43927 90.77186 -9999 -9999 -9999 -9999 -9999 -9999 -9999 -9999 -9999 -9999 -9999 -9999 -9999 -9999 -9999 -9999 -9999 -9999 -9999 -9999 -9999 99.58329 99.97770 100.00000 100.00000 -9999 -9999 -9999 100.00000 100.00000 100.00000 100.00000 100.00000 100.00000 100.00000 100.00000 100.00000 100.00000 100.00000 100.00000 100.00000 100.00000 100.00000 100.00000 100.00000 100.00000 100.00000
74.98682 75.34205 75.73807 76.13409 76.53012 76.61847 76.50096 77.91056 -9999 -9999 -9999 -9999 -9999 -9999 -9999 -9999 -9999 -9999 -9999 87.45581 86.05663 85.68327 85.91810 88.91190 90.65935 -9999 -9999 -9999 -9999 -9999 -9999 -9999 -9999 -9999 -9999 -9999 -9999 -9999 -9999 -9999 -9999 -9999 -9999 -9999 -9999 -9999 -9999 -9999 99.92196 100.00000 100.00000 -9999 -9999 -9999 100.00000 100.00000 100.00000 100.00000 100.00000 100.00000 100.00000 100.00000 100.00000 100.00000 100.00000 100.00000 100.00000 100.00000 100.00000 100.00000 100.00000 100.00000 100.00000
-9999 -9999 -9999 -9999 -9999 -9999 -9999 -9999 -9999 -9999 -9999 -9999 -9999 -9999 -9999 -9999 -9999 -9999 -9999 86.79682 87.46619 86.41694 86.97948 88.87018 92.23899 92.45348 -9999 -9999 -9999 -9999 -9999 -9999 -9999 -9999 -9999 -9999 -9999 -9999 -9999 -9999 -9999 -9999 -9999 -9999 -9999 -9999 -9999 -9999 99.87845 100.00000 100.00000 -9999 -9999 -9999 -9999 100.00000 100.00000 100.00000 100.00000 100.00000 100.00000 100.00000 100.00000 100.00000 100.00000 100.00000 100.00000 100.00000 100.00000 100.00000 100.00000 100.00000 100.00000
-9999 -9999 -9999 -9999 -9999 -9999 -9999 -9999 -9999 -9999 -9999 -9999 -9999 -9999 -9999 -9999 -9999 -9999 -9999 -9999 87.70629 88.14275 87.09047 87.83969 89.06285 92.91225 94.09547 94.90425 95.21401 -9999 -9999 -9999 -9999 -9999 -9999 -9999 -9999 -9999 -9999 -9999 -9999 -9999 -9999 -9999 -9999 -9999 -9999 -9999 99.84116 100.00000 100.00000 -9999 -9999 -9999 -9999 100.00000 100.00000 100.00000 100.00000 100.00000 100.00000 100.00000 100.00000 100.00000 100.00000 100.00000 100.00000 100.00000 100.00000 100.00000 100.00000 100.00000 100.00000
-9999 -9999 -9999 -9999 -9999 -9999 -9999 -9999 -9999 -9999 -9999 -9999 -9999 -9999 -9999 -9999 -9999 -9999 -9999 -9999 -9999 88.78695 88.95519 87.66877 88.25989 88.98910 91.18781 94.68414 95.62190 -9999 -9999 -9999 -9999 -9999 -9999 -9999 -9999 -9999 -9999 -9999 -9999 -9999 -9999 -9999 -9999 -9999 -9999 -9999 99.79758 100.00000 100.00000 100.00000 -9999 -9999 -9999 -9999 100.00000 100.00000 100.00000 100.00000 100.00000 100.00000 100.00000 100.00000 100.00000 100.00000 100.00000 100.00000 100.00000 100.00000 100.00000 100.00000 100.00000
-9999 -9999 -9999 -9999 -9999 -9999 -9999 -9999 -9999 -9999 -9999 -9999 -9999 -9999 -9999 -9999 -9999 -9999 -9999 -9999 -9999 -9999 89.03571 89.85719 88.50433 88.98827 89.22071 90.01750 91.99909 95.92548 95.82325 -9999 -9999 -9999 -9999 -9999 -9999 -9999 -9999 -9999 -9999 -9999 -9999 -9999 -9999 -9999 -9999 -9999 -9999 100.00000 100.00000 100.00000 100.00000 -9999 -9999 -9999 -9999 100.00000 100.00000 100.00000 100.00000 100.00000 100.00000 100.00000 100.00000 100.00000 100.00000 100.00000 100.00000 100.00000 100.00000 100.00000 100.00000
-9999 -9999 -9999 -9999 -9999 -9999 -9999 -9999 -9999 -9999 -9999 -9999 -9999 -9999 -9999 -9999 -9999 -9999 -9999 -9999 -9999 -9999 -9999 89.72851 90.15960 90.49869 89.41099 89.79361 90.15402 90.80839 92.33638 96.35017 96.83394 -9999 -9999 -9999 -9999 -9999 -9999 -9999 -9999 -9999 -9999 -9999 -9999 -9999 -9999 -9999 99.91444 100.00000 100.00000 100.00000 100.00000 -9999 -9999 -9999 -9999 100.00000 100.00000 100.00000 100.00000 100.00000 100.00000 100.00000 100.00000 100.00000 100.00000 100.00000 100.00000 100.00000 100.00000 100.00000 100.00000
-9999 -9999 -9999 -9999 -9999 -9999 -9999 -9999 -9999 -9999 -9999 -9999 -9999 -9999 -9999 -9999 -9999 -9999 -9999 -9999 -9999 -9999 -9999 -9999 -9999 -9999 90.67067 91.02948 90.52149 90.71006 91.02586 91.46796 92.99385 96.05651 95.54555 -9999 -9999 -9999 -9999 -9999 -9999 -9999 -9999 -9999 -9999 98.91187 99.35231 99.76114 100.00000 100.00000 100.00000 100.00000 -9999 -9999 -9999 -9999 -9999 100.00000 100.00000 100.00000 100.00000 100.00000 100.00000 100.00000 100.00000 100.00000 100.00000 100.00000 100.00000 100.00000 100.00000 100.00000 100.00000
