Percent_time_lt6psu_100mGrid_UTM_2018Action_01_Summer Operation.asc
ncols         302 
nrows         249 
xllcorner     574000.000000 
yllcorner     4208300.000000 
cellsize      100.000000 
NODATA_value  -9999 
[rows 198 to 230 of 249, columns 146 to 218 of 302]
18.39245 18.63552 18.36801 16.01248 12.67874 12.90913 18.88139 28.04775 27.08500 27.32753 27.58555 27.64659 27.94566 28.16181 28.35635 28.50843 28.78631 29.00926 29.28054 29.68724 30.31760 31.12824 31.99925 32.88196 34.23890 35.76540 37.33317 38.29618 39.02339 39.72214 39.52614 39.00071 37.66675 36.63756 36.23230 36.08562 36.67683 37.40894 38.09149 38.25129 38.57984 38.90096 38.69811 38.26586 37.80714 37.88361 38.01804 38.34647 39.33397 40.93344 42.71043 45.45490 47.83654 49.52287 51.22953 52.92805 53.96201 55.56139 57.34025 58.25365 58.64365 58.52802 58.29826 -9999 -9999 -9999 -9999 -9999 -9999 63.67473 64.39375 64.80694 -9999
22.27640 22.37579 22.69898 24.18337 25.98070 26.88802 26.34547 28.16889 28.42597 28.27057 28.58288 28.91902 29.23801 29.70589 29.78308 29.96807 30.23628 30.49658 30.81015 31.10526 31.43329 31.94157 32.47631 33.15413 34.13013 35.30488 36.89049 38.99123 40.52066 42.13520 42.99375 43.59321 44.19098 42.97860 41.29151 39.82659 38.88826 39.51086 39.77088 39.68412 40.28865 40.71689 40.60171 40.27674 39.82958 39.04402 38.89754 38.91037 39.36986 40.52170 42.24317 44.14553 46.71643 48.96116 50.75729 52.62697 54.11437 55.57018 57.65218 58.45039 58.65678 58.61081 58.66060 -9999 -9999 -9999 -9999 -9999 -9999 -9999 64.44471 65.18419 -9999
22.25942 22.75573 22.71900 22.72249 21.97642 21.39964 22.07574 23.35550 24.33808 25.61328 26.71987 27.40360 28.28187 29.04766 29.74569 30.20153 30.59804 31.02821 31.52492 32.02925 32.45484 32.89657 33.34136 33.82029 34.51171 35.15642 36.10337 37.60718 39.74504 41.67983 43.23265 44.75455 46.22803 47.02905 47.60823 47.64877 47.04226 45.03996 43.80221 42.69005 42.53509 42.66714 42.90110 42.47909 41.77786 40.90261 40.40111 39.96461 40.14779 40.35023 41.40524 43.34397 45.90375 48.27078 50.92547 52.69792 54.32077 56.01866 58.04835 58.52223 58.64614 58.91026 59.32757 -9999 -9999 -9999 -9999 -9999 -9999 -9999 64.52380 65.19364 65.97532
17.50736 18.08340 18.26209 18.98994 20.02352 20.77178 21.20878 21.70473 21.91814 22.59872 23.99127 24.96489 25.93037 26.76764 27.55828 28.58123 29.62879 30.21457 30.96613 31.84155 32.56779 33.13911 33.64906 34.18025 34.75499 35.39261 36.15333 36.94690 38.47474 39.88656 41.65594 43.54913 45.49064 47.16286 48.55983 49.76602 50.23110 49.63390 48.85517 47.96867 46.69985 46.26448 45.81048 45.43540 44.50972 43.07282 41.56753 40.72325 40.37723 40.08474 41.14749 43.13072 45.59770 48.31031 51.16948 53.04126 54.69774 56.46276 57.87197 58.38582 58.54829 58.77343 59.24421 -9999 -9999 -9999 -9999 -9999 -9999 -9999 -9999 65.67538 66.35007
16.17951 16.68532 17.25507 17.75532 18.35020 18.89775 19.47809 20.02888 20.35621 20.69182 21.13544 21.65982 22.33467 23.11680 24.28353 25.59185 26.45562 27.77758 28.92439 29.93839 30.89876 31.92313 33.17148 33.88197 34.49198 35.11568 35.58852 36.64619 37.50865 38.19034 39.75751 41.52008 43.24711 45.14250 47.01280 48.89549 50.69938 51.54052 52.04620 51.96890 51.01027 50.32833 49.78996 49.28614 48.02496 46.13476 43.83263 41.64866 40.43099 40.24200 41.29690 42.97451 45.92905 48.93522 51.41246 53.40148 55.18365 56.80063 57.81947 58.21591 58.60648 58.85180 59.40905 -9999 -9999 -9999 -9999 -9999 -9999 -9999 -9999 -9999 66.91165
15.01026 15.66487 16.40850 17.12426 17.83425 18.46408 19.12270 19.77340 20.15011 20.73720 21.24594 21.53612 21.88018 22.26558 22.84139 23.54289 24.26046 25.07938 25.72918 26.55018 27.46264 28.39180 29.73050 31.18187 32.70781 33.70036 34.62916 35.27912 36.16989 37.05388 37.85891 39.22926 40.59010 42.54534 44.57087 46.48701 48.43271 50.40977 52.37643 53.92700 53.74576 53.45682 52.75294 51.94377 51.03313 49.32871 46.74140 43.64958 41.38884 40.39936 41.33635 42.80414 46.76491 49.72925 51.83478 53.43219 56.06796 57.38854 58.15035 58.40362 58.58143 60.03600 61.21836 -9999 -9999 -9999 -9999 -9999 -9999 -9999 -9999 -9999 -9999
14.20089 14.99304 15.92723 16.61225 17.29394 17.94385 18.65154 19.31780 19.79869 20.49377 21.16297 21.81831 22.45314 22.95081 23.36582 23.84366 24.33841 24.94780 25.51404 26.08830 26.71229 27.24224 27.80276 28.50205 29.56804 30.73796 31.87570 33.30901 34.30265 35.47694 36.41943 37.05257 38.21545 39.53836 41.43413 43.67553 46.08443 47.88525 49.71787 51.60254 53.07852 54.42307 55.23969 54.68577 53.42438 51.81377 49.25685 45.66556 41.08604 38.81880 41.09416 43.85410 47.12673 50.09065 52.44943 54.42262 56.80953 57.75576 58.53177 59.21295 59.59114 -9999 -9999 -9999 -9999 -9999 -9999 -9999 -9999 -9999 -9999 -9999 -9999
12.78736 14.23191 15.23504 16.00433 16.65825 17.29911 18.01585 18.66175 19.22297 19.88929 20.54478 21.31043 22.01193 22.65526 23.17947 23.85341 24.36463 24.79560 25.38412 26.00262 26.71863 27.16193 27.71537 28.40488 29.04525 29.96542 31.00643 31.77512 32.69181 33.76113 34.66508 35.58134 36.40100 37.41765 38.48634 40.35685 42.44178 44.86349 46.96419 48.98417 50.93355 52.89838 54.79000 55.30654 55.07445 54.03692 51.01296 45.67549 38.89926 36.38397 39.44623 44.32542 47.67149 50.98350 53.05601 55.26844 57.30306 58.61748 59.55758 -9999 -9999 -9999 -9999 -9999 -9999 -9999 -9999 -9999 -9999 -9999 -9999 -9999 -9999
11.15731 12.74699 14.60351 15.78731 16.59168 17.22933 17.86830 18.64785 19.27329 19.77425 20.33247 20.96305 21.43246 22.07320 22.87657 23.56453 24.08956 24.76853 25.35611 25.96768 26.60228 27.14924 27.77281 28.58490 29.20732 29.86511 30.75967 31.69895 32.41946 33.13211 33.83095 34.69083 35.70545 36.68081 37.42786 38.21417 39.36229 40.98140 43.93819 46.99054 49.11830 50.88688 52.65232 54.33758 55.70913 56.03778 53.17698 46.44672 38.96221 37.01810 43.44930 47.15262 50.85594 53.47071 54.85832 56.88702 -9999 -9999 -9999 -9999 -9999 -9999 -9999 -9999 -9999 -9999 -9999 -9999 -9999 -9999 -9999 -9999 -9999
10.51798 11.48298 12.70144 14.94190 16.95434 18.74793 19.24567 19.68453 20.36923 20.93521 21.71653 22.19184 22.60043 23.20583 23.86302 24.22504 24.60400 25.16349 25.71086 26.23156 26.80038 27.42267 28.20430 28.99475 29.69329 30.48580 31.06323 31.61015 32.36540 33.41948 34.73648 35.98706 36.68800 37.39515 37.54723 38.47605 38.94257 39.87068 41.13426 42.39304 45.02224 48.14614 50.96533 52.62750 54.03141 54.57743 53.53192 45.16246 40.66559 41.72592 -9999 -9999 -9999 -9999 56.11613 -9999 -9999 -9999 -9999 -9999 -9999 -9999 -9999 -9999 -9999 -9999 -9999 -9999 -9999 -9999 -9999 -9999 -9999
11.59145 11.12100 11.74362 12.69169 14.37493 17.07670 20.20198 20.77645 21.85756 22.73567 23.65970 24.86454 25.63684 26.14077 26.51564 26.71087 26.84736 26.65269 26.64948 26.67396 27.15288 27.60368 28.38131 29.14310 29.90649 30.94294 31.77589 32.16621 33.02483 34.12806 35.22394 36.26405 37.01946 37.75227 38.52247 39.24774 39.63489 39.96426 40.92587 41.89252 43.09895 44.47367 46.49019 49.45262 52.24652 53.75317 53.66210 47.48328 46.11630 47.57911 -9999 -9999 -9999 -9999 -9999 -9999 -9999 -9999 -9999 -9999 -9999 -9999 -9999 -9999 -9999 -9999 -9999 -9999 -9999 -9999 -9999 -9999 -9999
13.02866 10.80291 10.09299 11.09446 12.14943 13.56121 15.07094 17.46063 19.45089 21.45710 23.09979 25.44413 27.48830 28.91630 29.15537 29.12522 29.21536 28.84047 29.03560 28.69720 28.09870 28.10958 28.02998 28.90774 30.17006 31.33161 32.20414 32.99061 33.75301 34.65112 35.69728 36.14374 36.69599 37.39448 38.21028 39.20216 40.11020 40.37789 40.77723 41.48833 42.59155 43.82470 45.18909 47.03234 48.90181 51.22115 51.89396 52.43601 50.72114 53.01472 55.34813 57.36441 58.86864 -9999 -9999 -9999 -9999 -9999 -9999 -9999 -9999 -9999 -9999 -9999 -9999 -9999 -9999 -9999 -9999 -9999 -9999 -9999 -9999
16.66675 15.13924 11.56667 10.42310 10.67331 11.89552 12.09606 13.47865 15.09488 17.59424 20.30862 23.08148 24.95924 26.71037 27.26490 27.42054 27.61253 28.02128 27.81282 27.05524 27.18395 27.27372 27.40727 27.75333 28.99753 30.12635 31.36270 32.82761 33.98167 35.05712 36.43217 37.29367 37.61460 37.58535 38.08080 39.18939 40.05220 40.96799 41.03772 41.43767 42.36223 43.36845 44.56398 45.94729 47.61949 49.47768 51.08202 52.73375 53.03507 53.96234 55.26154 57.41298 60.52842 59.28674 61.25425 -9999 64.75969 65.19144 -9999 -9999 -9999 -9999 -9999 -9999 -9999 -9999 -9999 -9999 -9999 -9999 -9999 -9999 -9999
-9999 14.90780 14.92419 12.09645 10.08713 9.95047 11.70077 12.22656 13.45843 15.90390 17.53922 18.68834 19.47505 20.66684 22.19065 23.41682 23.53208 23.50882 23.66613 24.29205 24.64233 25.24400 25.95645 26.15966 28.57088 29.03090 28.84725 29.16484 29.90415 31.54459 35.47661 38.45013 39.40701 39.86865 40.73846 40.46418 39.82171 40.69456 41.58254 42.25826 42.60777 43.31156 44.08438 45.05389 46.36497 48.04172 49.55859 51.12205 52.51720 54.21298 55.50777 56.34687 57.88814 60.27239 64.71578 65.47980 66.34074 66.50623 66.63834 67.06162 67.78055 68.29820 69.54003 74.54042 -9999 81.59116 -9999 72.42114 70.66448 71.57417 72.71102 73.66003 74.96724
-9999 -9999 -9999 14.42513 13.48074 12.53369 12.10123 12.04374 13.27511 15.28002 17.08112 18.12399 19.04200 20.18729 20.70879 21.12020 20.99276 20.13748 19.98004 20.67805 22.68371 23.64412 23.68433 24.48602 26.02933 26.08078 25.00589 25.41145 24.94664 25.93597 28.50756 31.98465 36.08152 40.39576 43.62027 43.75404 43.54377 42.74542 41.65561 42.27088 42.71532 43.75850 44.41744 44.91771 45.21701 46.31069 48.06238 49.42130 50.87690 52.37038 53.82377 55.51423 56.40638 57.68865 59.01529 60.15073 61.49900 63.11538 64.81384 66.48662 68.03975 69.44184 70.20686 74.16521 76.41365 76.70106 75.04635 70.54932 71.47619 72.60642 73.65366 74.37830 75.04119
-9999 -9999 -9999 -9999 15.83399 15.09614 14.65660 11.38056 10.26195 11.64013 14.43648 16.59455 18.62101 19.77494 19.38796 19.47036 19.40338 19.63262 21.24914 22.06359 22.61193 20.60385 21.00586 21.28649 19.21673 19.97815 21.10387 19.88509 20.63456 25.27668 26.95415 30.10766 31.71849 35.31520 40.26628 42.54472 44.71722 45.98010 47.07890 45.55174 43.25869 44.04092 43.99876 45.02010 45.65656 46.07808 46.61626 47.99682 49.08917 50.63374 51.88633 53.14329 54.22537 55.49875 56.79107 58.04311 58.99629 59.79510 60.56922 61.52506 62.20674 62.78143 63.60329 64.77622 65.41405 66.03625 66.05133 66.15287 66.52306 66.76485 67.43447 68.16721 68.79441
-9999 -9999 -9999 -9999 -9999 -9999 15.66271 15.88193 14.32959 13.57585 12.40284 14.66499 14.67576 14.54330 13.72191 14.79041 15.97580 17.12690 16.11680 16.68129 15.35660 15.39820 17.30209 19.21121 19.19554 20.45478 20.21975 21.91042 23.97126 25.87574 27.60608 28.96335 29.50063 33.00027 35.27872 -9999 -9999 42.11404 44.39249 46.90518 49.43317 46.46785 45.63341 45.62706 45.43215 46.14875 46.81925 47.38310 47.90029 48.76419 50.17272 51.68655 52.76436 53.67870 55.02025 56.05158 57.04826 58.14862 58.84985 59.69389 60.46748 61.19491 62.03123 62.72203 63.28767 63.83735 64.45059 65.13112 65.72425 66.11937 66.56118 67.13598 67.70704
-9999 -9999 -9999 -9999 -9999 -9999 -9999 14.70524 14.39674 14.08824 13.78968 14.34103 14.93768 15.14358 16.10728 16.72814 18.15418 18.82779 18.89758 21.44016 21.75538 21.63255 21.27773 22.76126 22.79043 22.81959 23.05823 23.31982 23.71330 25.14641 26.57951 28.01261 29.44571 30.87882 -9999 -9999 -9999 -9999 43.49665 -9999 48.58042 49.95392 49.95996 48.64295 47.20545 47.23356 47.04732 47.36828 48.04697 48.74348 49.25630 49.85284 51.17615 52.39095 53.36527 54.41760 55.42717 56.40667 57.24198 58.20979 59.22130 60.13485 60.79086 61.51147 62.12892 62.75468 63.40348 63.97411 64.39163 64.87835 65.55505 66.16854 66.87379
-9999 -9999 -9999 -9999 -9999 -9999 -9999 -9999 -9999 -9999 16.44818 16.99953 17.55087 18.10222 18.65357 19.20492 19.98155 20.78900 21.86357 -9999 -9999 24.92210 25.21267 25.50324 25.79346 26.05506 26.31666 26.57826 26.83986 27.10145 27.44382 -9999 30.31003 -9999 -9999 -9999 -9999 -9999 -9999 -9999 -9999 50.74873 52.97429 53.64696 52.34321 50.71399 49.42228 48.51159 48.31877 48.79411 49.30119 50.11108 50.50966 51.25374 52.16202 52.86077 53.76788 54.80872 55.65192 56.73796 57.67160 58.50406 59.27167 60.07176 60.78869 61.52819 62.38555 63.02117 63.43005 63.73069 64.33849 65.12286 66.02392
-9999 -9999 -9999 -9999 -9999 -9999 -9999 -9999 -9999 -9999 -9999 -9999 -9999 -9999 -9999 -9999 -9999 -9999 -9999 -9999 -9999 -9999 -9999 28.58789 28.97846 29.26903 29.55960 29.83669 30.09829 30.35989 -9999 -9999 -9999 -9999 -9999 -9999 -9999 -9999 -9999 -9999 -9999 -9999 52.80157 55.54647 56.82298 55.46743 53.55249 52.60733 51.68642 50.05924 49.93505 49.98370 50.60994 50.95525 51.77107 52.50134 52.87756 53.50789 54.44993 55.57244 56.24007 57.07051 57.81641 58.74218 59.72499 60.44845 61.12701 61.85719 62.51781 63.38765 64.11130 64.85487 65.38502
-9999 -9999 -9999 -9999 -9999 -9999 -9999 -9999 -9999 -9999 -9999 -9999 -9999 -9999 -9999 -9999 -9999 -9999 -9999 -9999 -9999 -9999 -9999 29.26182 30.24193 31.50950 32.74425 33.03482 33.32539 33.61597 -9999 -9999 -9999 -9999 -9999 -9999 -9999 -9999 -9999 -9999 -9999 -9999 -9999 -9999 -9999 58.30461 56.94906 55.59350 55.40229 56.16001 53.81813 52.78161 52.75014 52.81558 52.69932 53.30144 53.67984 54.02310 54.48123 55.32162 55.94733 56.58738 57.27532 57.72877 58.44967 59.38374 60.20003 60.79890 61.49538 62.23192 63.05816 63.79682 64.46435
-9999 -9999 -9999 -9999 -9999 -9999 -9999 -9999 -9999 -9999 -9999 -9999 -9999 -9999 -9999 -9999 -9999 -9999 -9999 -9999 -9999 -9999 -9999 31.59119 32.14253 32.69388 33.49823 34.43112 35.69869 36.80061 -9999 -9999 -9999 -9999 -9999 -9999 -9999 -9999 -9999 -9999 -9999 -9999 -9999 -9999 -9999 -9999 -9999 -9999 -9999 57.28588 58.13537 58.09771 57.47813 57.24061 55.49543 55.03427 55.22688 54.70958 55.26527 55.59883 56.19101 56.70426 57.36766 57.82423 58.36437 58.79587 59.29713 60.30402 61.23273 61.99052 62.60207 63.34137 64.10349
-9999 -9999 -9999 -9999 -9999 -9999 -9999 -9999 -9999 -9999 -9999 -9999 -9999 -9999 -9999 -9999 -9999 -9999 -9999 -9999 -9999 -9999 -9999 34.24968 34.80103 35.35238 35.90373 36.45507 37.00642 37.73465 -9999 -9999 -9999 -9999 -9999 -9999 -9999 -9999 -9999 -9999 -9999 -9999 -9999 -9999 -9999 -9999 -9999 -9999 -9999 -9999 -9999 60.71360 58.81179 58.59659 60.18500 57.85717 57.87441 58.17656 63.13528 62.04499 58.90353 58.00806 58.35135 58.77980 59.10498 59.45632 59.91212 60.70821 61.56881 62.59219 63.37650 64.00637 64.71723
-9999 -9999 -9999 -9999 -9999 -9999 -9999 -9999 -9999 -9999 -9999 -9999 -9999 -9999 -9999 -9999 -9999 -9999 -9999 -9999 -9999 -9999 -9999 36.90818 37.45953 38.01087 38.56222 39.11357 39.66492 40.21627 -9999 -9999 -9999 -9999 -9999 -9999 -9999 -9999 -9999 -9999 -9999 -9999 -9999 -9999 -9999 -9999 -9999 -9999 -9999 -9999 -9999 -9999 -9999 -9999 58.66287 -9999 -9999 -9999 -9999 83.26889 78.02976 70.05683 65.82762 64.85007 64.82102 64.67852 64.40013 63.79641 62.93853 63.82733 64.47602 65.17304 65.88124
-9999 -9999 -9999 -9999 -9999 -9999 -9999 -9999 -9999 -9999 -9999 -9999 -9999 -9999 -9999 -9999 -9999 -9999 -9999 -9999 -9999 -9999 -9999 39.56668 40.11802 40.66937 41.22072 41.77207 42.32341 42.87476 -9999 -9999 -9999 -9999 -9999 -9999 -9999 -9999 -9999 -9999 -9999 -9999 -9999 -9999 -9999 -9999 -9999 -9999 -9999 -9999 -9999 -9999 -9999 -9999 59.28638 63.58936 -9999 -9999 -9999 86.38191 90.41740 91.37327 90.70598 86.99812 84.53940 80.07344 78.30397 77.46691 72.37517 68.33457 68.59408 68.77299 69.69223
-9999 -9999 -9999 -9999 -9999 -9999 -9999 -9999 -9999 -9999 -9999 -9999 -9999 -9999 -9999 -9999 -9999 -9999 -9999 -9999 -9999 -9999 -9999 42.22517 42.77652 43.32787 43.87922 44.43056 44.98191 45.53326 -9999 -9999 -9999 -9999 -9999 -9999 -9999 -9999 -9999 -9999 -9999 -9999 -9999 -9999 -9999 -9999 -9999 -9999 -9999 -9999 -9999 -9999 -9999 -9999 65.30438 -9999 -9999 -9999 -9999 -9999 -9999 94.75636 96.58701 98.23069 99.69491 95.09845 92.13486 89.09213 84.15776 80.10701 76.05626 74.57963 74.11215
-9999 -9999 -9999 -9999 -9999 -9999 -9999 -9999 -9999 -9999 -9999 -9999 -9999 -9999 -9999 -9999 -9999 -9999 -9999 -9999 -9999 -9999 -9999 -9999 -9999 45.98636 46.53771 47.08906 47.64041 48.19175 -9999 -9999 -9999 -9999 -9999 -9999 -9999 -9999 -9999 -9999 -9999 -9999 -9999 -9999 -9999 -9999 -9999 -9999 -9999 -9999 -9999 -9999 -9999 -9999 70.36598 -9999 -9999 -9999 -9999 -9999 -9999 -9999 -9999 -9999 -9999 97.35030 93.85791 88.99563 84.13335 -9999 74.40879 74.27659 74.63171
-9999 -9999 -9999 -9999 -9999 -9999 -9999 -9999 -9999 -9999 -9999 -9999 -9999 -9999 -9999 -9999 -9999 -9999 -9999 -9999 -9999 -9999 -9999 -9999 -9999 -9999 49.19621 49.74756 50.29890 50.85025 -9999 -9999 -9999 -9999 -9999 -9999 -9999 -9999 -9999 -9999 -9999 -9999 -9999 -9999 -9999 -9999 -9999 -9999 -9999 -9999 -9999 -9999 -9999 -9999 72.00510 -9999 -9999 -9999 -9999 -9999 -9999 -9999 -9999 -9999 -9999 -9999 -9999 -9999 -9999 -9999 -9999 -9999 -9999
-9999 -9999 -9999 -9999 -9999 -9999 -9999 -9999 -9999 -9999 -9999 -9999 -9999 -9999 -9999 -9999 -9999 -9999 -9999 -9999 -9999 -9999 -9999 -9999 -9999 -9999 -9999 -9999 -9999 -9999 -9999 -9999 -9999 -9999 -9999 -9999 -9999 -9999 -9999 -9999 -9999 -9999 -9999 -9999 -9999 -9999 -9999 -9999 -9999 -9999 -9999 -9999 -9999 -9999 70.72550 -9999 -9999 -9999 -9999 -9999 -9999 -9999 -9999 -9999 -9999 -9999 -9999 -9999 -9999 -9999 -9999 -9999 -9999
-9999 -9999 -9999 -9999 -9999 -9999 -9999 -9999 -9999 -9999 -9999 -9999 -9999 -9999 -9999 -9999 -9999 -9999 -9999 -9999 -9999 -9999 -9999 -9999 -9999 -9999 -9999 -9999 -9999 -9999 -9999 -9999 -9999 -9999 -9999 -9999 -9999 -9999 -9999 -9999 -9999 -9999 -9999 -9999 -9999 -9999 -9999 -9999 -9999 -9999 -9999 -9999 -9999 -9999 70.91636 -9999 -9999 -9999 -9999 -9999 -9999 -9999 -9999 -9999 -9999 -9999 -9999 -9999 -9999 -9999 -9999 -9999 -9999
-9999 -9999 -9999 -9999 -9999 -9999 -9999 -9999 -9999 -9999 -9999 -9999 -9999 -9999 -9999 -9999 -9999 -9999 -9999 -9999 -9999 -9999 -9999 -9999 -9999 -9999 -9999 -9999 -9999 -9999 -9999 -9999 -9999 -9999 -9999 -9999 -9999 -9999 -9999 -9999 -9999 -9999 -9999 -9999 -9999 -9999 -9999 -9999 -9999 -9999 -9999 -9999 -9999 -9999 72.14117 72.52701 -9999 -9999 -9999 -9999 -9999 -9999 -9999 -9999 -9999 -9999 -9999 -9999 -9999 -9999 -9999 -9999 -9999
-9999 -9999 -9999 -9999 -9999 -9999 -9999 -9999 -9999 -9999 -9999 -9999 -9999 -9999 -9999 -9999 -9999 -9999 -9999 -9999 -9999 -9999 -9999 -9999 -9999 -9999 -9999 -9999 -9999 -9999 -9999 -9999 -9999 -9999 -9999 -9999 -9999 -9999 -9999 -9999 -9999 -9999 -9999 -9999 -9999 -9999 -9999 -9999 -9999 -9999 -9999 -9999 -9999 -9999 72.21033 -9999 -9999 -9999 -9999 -9999 -9999 -9999 -9999 -9999 -9999 -9999 -9999 -9999 -9999 -9999 -9999 -9999 -9999
-9999 -9999 -9999 -9999 -9999 -9999 -9999 -9999 -9999 -9999 -9999 -9999 -9999 -9999 -9999 -9999 -9999 -9999 -9999 -9999 -9999 -9999 -9999 -9999 -9999 -9999 -9999 -9999 -9999 -9999 -9999 -9999 -9999 -9999 -9999 -9999 -9999 -9999 -9999 -9999 -9999 -9999 -9999 -9999 -9999 -9999 -9999 -9999 -9999 -9999 -9999 -9999 -9999 -9999 -9999 -9999 -9999 -9999 -9999 -9999 -9999 -9999 -9999 -9999 -9999 -9999 -9999 -9999 -9999 -9999 -9999 -9999 -9999
