Percent_time_lt6psu_100mGrid_UTM_2018Action_01_Summer Operation.asc
ncols         302 
nrows         249 
xllcorner     574000.000000 
yllcorner     4208300.000000 
cellsize      100.000000 
NODATA_value  -9999 
[rows 132 to 164 of 249, columns 73 to 145 of 302]
-9999 -9999 -9999 -9999 -9999 24.73111 19.66409 7.24468 11.76572 27.02385 29.88873 27.60875 23.42608 23.73282 24.84725 26.68872 27.44953 26.22195 24.65942 21.25974 17.86005 13.80446 9.65271 7.00046 4.87983 3.36485 2.79002 2.21809 1.44424 0.53797 0.14866 0.07193 0.00716 0.00000 0.00000 0.00000 0.00000 0.01823 0.07584 0.14737 0.28222 0.39873 0.57001 0.81172 1.07339 1.89895 2.80671 3.85902 4.93676 6.12420 7.53553 9.53335 11.26503 13.02430 14.93190 16.59615 17.79610 18.78291 19.64629 20.14157 20.38725 20.44256 20.44984 20.46239 20.48699 20.60745 20.84407 20.93101 20.92342 21.11254 21.30082 21.26068 20.82366
23.89077 22.40606 20.92136 20.99432 17.93895 14.69026 13.09251 11.24177 11.16255 20.65310 26.49297 26.82012 22.03058 22.15844 22.81128 24.68766 25.81801 24.55155 23.13492 19.76007 16.38088 12.45780 8.48696 5.86329 3.85876 2.42567 1.84608 1.28250 0.89975 0.37146 0.06219 0.02383 0.00000 0.00000 0.00000 0.00000 0.00000 0.01550 0.03691 0.06479 0.14792 0.22823 0.39018 0.62025 0.97722 1.62925 2.44489 3.59734 4.74706 6.00324 7.30258 8.86926 10.81925 12.58216 14.06219 15.78135 17.04978 18.28040 18.97921 19.78335 20.06471 20.25504 20.41427 20.50915 20.54475 20.58417 20.68086 20.92427 20.90899 21.05873 21.29226 21.48430 21.34443
18.91314 18.97834 18.16797 16.94489 15.30753 12.92663 11.11558 11.02288 9.30652 16.31711 22.73448 25.01678 20.74916 20.46534 20.96595 22.85374 24.25760 22.99551 21.71036 18.32637 14.85720 11.02471 7.10924 4.48470 2.54302 1.19968 0.77043 0.40908 0.05458 0.06845 0.04398 0.01303 0.00000 0.00000 0.00000 0.00000 0.00000 0.00000 0.00000 0.00000 0.05433 0.12622 0.30379 0.49861 0.93149 1.50835 2.29598 3.44997 4.60933 5.85354 7.10729 8.91094 10.79487 12.25228 13.50491 15.02504 16.59157 17.74749 18.35455 19.13431 19.68344 19.98544 20.14494 20.31853 20.50384 20.64139 20.67990 20.85073 20.95796 20.94488 21.14726 21.37443 21.70935
13.97309 13.46049 11.57603 9.95404 8.56329 7.43376 7.77295 8.62784 8.50891 13.78523 19.28008 23.20242 19.64209 18.87387 19.26969 21.03986 22.75670 21.49480 20.14668 16.81240 13.34586 9.53192 5.72302 3.18861 1.48517 0.55720 0.18823 0.02094 0.03485 0.04893 0.03404 0.00983 0.00000 0.00000 0.00000 0.00000 0.00000 0.00000 0.00000 0.00000 0.00000 0.08191 0.24399 0.41595 0.94105 1.50404 2.31969 3.36577 4.58980 5.93433 7.22446 8.68911 10.64141 11.97859 13.28035 14.68639 16.56219 17.29625 17.92006 18.52776 19.25867 19.71290 19.95556 20.07437 20.31466 20.43827 20.57916 20.76860 21.03710 20.98430 20.99759 21.22258 21.56347
16.08909 17.96039 15.78957 13.76657 11.95675 8.36063 5.85568 4.91063 6.25169 10.45433 15.86055 21.18696 18.15804 17.41766 17.86008 19.42093 21.13777 19.94875 18.51788 15.16005 11.67227 8.28267 4.52300 2.53913 1.13977 0.32707 0.12233 0.00336 0.01583 0.02936 0.01941 0.00648 0.00000 0.00000 0.00000 0.00000 0.00000 0.00000 0.00000 0.00000 0.00000 0.04819 0.20309 0.46601 0.99901 1.53829 2.45289 3.37174 4.65798 5.92507 7.23763 8.53217 10.06114 11.50490 12.83872 14.31555 15.72338 16.65910 17.45763 18.10401 18.66016 19.09872 19.78096 19.83021 20.00621 20.11768 20.34721 20.37031 20.68615 20.81636 20.85735 21.11344 21.44799
-9999 -9999 -9999 -9999 -9999 8.73545 6.98297 4.39913 4.38728 7.40311 12.98339 19.45613 16.99836 16.23624 16.74151 17.92196 19.42390 18.32538 16.62332 13.19461 9.42765 6.33076 3.37748 1.69561 0.74488 0.15007 0.05978 0.00421 0.00705 0.00758 0.00000 0.00000 0.00000 0.00000 0.00000 0.00000 0.00000 0.00000 0.00000 0.00000 0.00000 0.07291 0.16935 0.53830 1.05322 1.59568 2.37525 3.23988 4.41727 5.54544 6.87602 8.19952 9.46720 10.72914 11.89343 13.28331 14.64221 15.78206 16.51702 17.26110 17.87973 18.21826 18.84897 19.30695 19.47554 19.60304 19.62198 19.71573 20.01038 19.89170 20.11176 20.61645 21.01191
-9999 -9999 -9999 -9999 -9999 -9999 5.58266 4.26489 3.90896 6.09619 10.90624 17.63500 15.97101 15.27418 15.86119 16.52724 17.71279 16.34081 14.46255 11.12093 7.43695 4.35215 2.10551 0.73669 0.27173 0.07217 0.05319 0.00000 0.00000 0.00000 0.00000 0.00000 0.00000 0.00000 0.00000 0.00000 0.00000 0.00000 0.00000 0.00000 0.00738 0.07238 0.16602 0.50009 0.99565 1.55592 2.21688 2.99039 3.93407 5.05004 6.29493 7.65599 9.09841 10.25235 11.08238 12.06465 13.28474 14.51654 15.66334 16.21842 16.76949 17.21638 17.70979 18.54294 18.40110 18.61225 18.70071 18.62854 18.79249 18.78996 18.69551 18.82899 18.56448
-9999 -9999 -9999 -9999 -9999 -9999 4.29382 1.96213 3.08520 5.04120 8.77560 16.04733 14.87052 14.20101 15.00787 15.76916 16.34263 14.27839 12.11178 8.79480 5.32862 3.55115 1.44029 0.41695 0.07638 0.00000 0.00000 0.00000 0.00000 0.00000 0.00000 0.00000 0.00000 0.00000 0.00000 0.00000 0.00000 0.00000 0.00000 0.00000 0.02673 0.09155 0.18849 0.47761 0.90001 1.50947 2.09695 2.88454 3.73331 4.46737 5.70220 6.92599 8.25178 9.41326 10.39727 11.10872 11.94689 13.30570 14.68074 15.28139 15.66156 16.04452 16.41377 16.92234 17.13411 17.14209 17.19449 16.92271 16.44378 16.77196 16.46172 15.93664 15.05571
-9999 -9999 -9999 -9999 -9999 -9999 3.93332 1.14102 2.65564 4.83321 8.23142 14.24478 13.67220 13.21291 14.16582 14.65685 14.76022 12.80378 9.78773 6.39886 3.20329 1.69472 0.50406 0.25985 0.06795 0.00000 0.00000 0.00000 0.00000 0.00000 0.00000 0.00000 0.00000 0.00000 0.00000 0.00000 0.00000 0.00000 0.00000 0.00000 0.04674 0.11241 0.22398 0.42666 0.82186 1.30999 1.94292 2.68503 3.40568 4.14115 5.04817 6.23213 7.32549 8.19212 9.13161 10.05598 10.70606 12.06029 13.46683 14.00042 14.55425 14.74262 15.06959 15.08596 15.57016 14.85731 14.86134 14.49075 13.27013 13.14062 12.48521 11.73288 10.62663
-9999 -9999 -9999 -9999 -9999 -9999 3.13962 0.88336 1.76389 4.56412 7.83804 12.93103 12.58256 12.30805 13.11577 13.30789 12.67560 10.49124 6.88481 4.12525 1.86117 0.77988 0.20790 0.04691 0.04432 0.00000 0.00000 0.00000 0.00000 0.00000 0.00000 0.00000 0.00000 0.00000 0.00000 0.00000 0.00000 0.00000 0.00000 0.00021 0.06681 0.13311 0.22517 0.39671 0.70685 1.13294 1.59521 2.23974 2.95270 3.70287 4.29288 5.29163 6.22203 6.99484 7.89959 8.82079 9.54633 10.40620 11.50655 12.38983 12.72578 12.96463 13.16174 13.05415 13.02465 12.34736 11.87946 10.94149 10.00353 8.98597 7.92839 7.75838 6.50011
-9999 -9999 -9999 -9999 -9999 -9999 2.25674 0.67457 1.70352 4.12570 7.45090 11.60146 11.49093 11.41691 12.06650 11.80588 10.19233 8.10091 4.89762 2.36866 0.99899 0.47396 0.15257 0.00849 0.00351 0.00000 0.00000 0.00000 0.00000 0.00000 0.00000 0.00000 0.00000 0.00000 0.00000 0.00000 0.00000 0.00000 0.00000 0.01559 0.07141 0.14977 0.25154 0.37101 0.56213 0.93042 1.37571 1.86700 2.56480 3.23095 3.72642 4.36493 5.05515 5.82857 6.43431 7.20046 7.83721 8.75065 9.13389 9.76361 10.30261 10.91419 10.40104 10.30151 9.94905 9.18221 8.27535 7.14667 6.19074 5.54648 4.31766 3.77551 3.27908
-9999 -9999 -9999 -9999 -9999 -9999 1.37385 0.75147 1.74177 4.15976 7.26473 10.47645 10.55308 10.43051 10.80780 10.27074 8.07921 5.93710 3.15850 1.21262 0.42797 0.10226 0.01283 0.00000 0.00000 0.00000 0.00000 0.00000 0.00000 0.00000 0.00000 0.00000 0.00000 0.00000 0.00000 0.00000 0.00000 0.00000 0.00000 0.03103 0.08393 0.15809 0.26260 0.37257 0.53072 0.75507 1.09410 1.45536 1.95538 2.52438 2.88377 3.34980 3.89635 4.52450 4.96173 5.43978 5.96488 6.51982 6.77655 7.10968 7.25267 7.71995 7.67810 7.06621 6.53560 6.07891 5.06347 3.52490 3.77071 2.58670 2.04398 1.80289 1.79759
-9999 -9999 -9999 -9999 -9999 -9999 0.56252 0.77818 2.02378 4.06906 6.67050 9.31304 9.64270 9.53708 9.74981 8.71675 6.19286 3.75423 1.59866 0.84599 0.22936 0.06888 0.01103 0.00000 0.00000 0.00000 0.00000 0.00000 0.00000 0.00000 0.00000 0.00000 0.00000 0.00000 0.00000 0.00000 0.00000 0.00000 0.00000 0.03562 0.07690 0.15872 0.25769 0.38038 0.50651 0.67382 0.86294 1.07265 1.37766 1.78115 2.15578 2.41125 2.63906 3.16554 3.42590 3.73814 4.29723 4.68961 4.49064 4.78142 5.08133 4.90984 4.78269 4.48279 3.86388 3.26338 2.84436 1.63982 1.21290 0.99099 1.35915 0.81711 0.90720
-9999 -9999 -9999 -9999 -9999 1.47400 0.41741 0.78863 2.44883 4.24089 6.30130 8.29077 8.81247 8.72785 8.22884 7.10159 4.55524 2.45514 0.83200 0.35342 0.06888 0.00000 0.00000 0.00000 0.00000 0.00000 0.00000 0.00000 0.00000 0.00000 0.00000 0.00000 0.00000 0.00000 0.00000 0.00000 0.00000 0.00000 0.00492 0.04744 0.09326 0.16472 0.24985 0.29973 0.37794 0.44891 0.59282 0.76430 0.99249 1.19965 1.43718 1.66962 1.85880 2.03206 2.24298 2.58861 2.87796 2.99311 3.11522 3.15691 3.14675 2.76185 2.59395 2.37608 1.59001 1.83897 0.93017 0.82129 0.57245 0.45330 0.42965 0.47006 0.58564
-9999 -9999 -9999 -9999 -9999 1.00250 0.50109 0.93192 2.83621 4.73334 6.07887 7.79459 8.00942 7.78265 6.92465 5.50225 2.93298 1.06955 0.41951 0.12525 0.03499 0.00000 0.00000 0.00000 0.00000 0.00000 0.00000 0.00000 0.00000 0.00000 0.00000 0.00000 0.00000 0.00000 0.00000 0.00000 0.00000 0.00000 0.00000 0.01665 0.06059 0.14969 0.22322 0.26151 0.29110 0.32798 0.36716 0.46563 0.63522 0.78419 0.89189 1.01419 1.17393 1.33142 1.49058 1.62109 1.67528 1.82146 1.75534 1.41677 1.38520 1.21714 0.86854 0.80107 0.73152 0.56278 0.35916 0.42025 0.29011 0.16216 0.12664 0.31119 0.52806
-9999 -9999 -9999 -9999 -9999 0.53099 0.59522 1.07464 3.14720 4.66291 5.66337 6.88146 7.12250 6.67172 5.57334 3.84862 1.76392 0.59248 0.29099 0.00000 0.00000 0.00000 0.00000 0.00000 0.00000 0.00000 0.00000 0.00000 0.00000 0.00000 0.00000 0.00000 0.00000 0.00000 0.00000 0.00000 0.00000 0.00000 0.00000 0.00000 0.03248 0.09734 0.17021 0.24270 0.18272 0.24650 0.22895 0.26480 0.28265 0.36604 0.39675 0.44886 0.52907 0.66368 0.71211 0.75051 0.70885 0.78939 0.55381 0.26401 0.10494 0.13425 0.12230 0.13388 0.12930 0.04458 0.17619 0.05808 0.08054 0.02937 0.05680 0.27748 -9999
-9999 -9999 -9999 -9999 -9999 0.32966 0.79154 1.20619 3.20952 4.55062 5.35603 6.11670 6.02269 5.43171 3.88498 2.32454 0.74970 0.23877 0.11430 0.00000 0.00000 0.00000 0.00000 0.00000 0.00000 0.00000 0.00000 0.00000 0.00000 0.00000 0.00000 0.00000 0.00000 0.00000 0.00000 0.00000 0.00000 0.00000 0.00000 0.00150 0.05898 0.09202 0.14423 0.19753 0.10348 0.05613 0.07972 0.14518 0.06583 0.05511 0.00018 0.02185 0.12899 0.23820 0.09341 0.26120 0.15909 0.00000 0.24658 0.01669 0.00557 0.00000 0.00000 0.00000 0.04074 0.00000 0.00000 0.01041 0.01225 0.00000 0.02309 0.28413 -9999
-9999 -9999 -9999 -9999 0.96828 0.45681 0.97893 1.65999 3.35027 4.49645 5.13603 5.48789 5.18503 4.13572 2.53544 1.06106 0.57336 0.03651 0.00000 0.00000 0.00000 0.00000 0.00000 0.00000 0.00000 0.00000 0.00000 0.00000 0.00000 0.00000 0.00000 0.00000 0.00000 0.00000 0.00000 0.00000 0.00000 0.01101 0.05473 0.05496 0.11824 0.16523 0.17497 0.13864 0.09200 0.08099 0.04150 0.07584 0.11754 0.00000 0.00000 0.00000 0.00000 0.00066 0.00000 0.00000 0.00000 0.00000 0.00000 0.00000 0.00000 0.00000 0.00000 0.00000 0.00000 0.00000 0.00000 0.00000 0.00000 0.00000 0.05638 0.55296 -9999
-9999 -9999 -9999 -9999 0.52198 0.58429 1.14112 2.12954 3.26896 4.16657 4.64637 4.40317 3.95940 2.68969 1.48562 0.36708 0.09186 0.00000 0.00000 0.00000 0.00000 0.00000 0.00000 0.00000 0.00000 0.00000 0.00000 0.00000 0.00000 0.00000 0.00000 0.00000 0.00000 0.00000 0.00000 0.00000 0.00000 0.04106 0.10750 0.13775 0.18081 0.19620 0.20322 0.12754 0.06651 0.10547 0.14693 0.12064 0.14218 0.05329 0.00000 0.00000 0.00000 0.00000 0.00000 0.00000 0.00000 0.00000 0.00000 0.00000 0.00000 0.00000 0.00000 0.00000 0.00000 0.00000 0.00000 0.00000 0.00000 0.00000 0.32148 0.82955 -9999
-9999 -9999 -9999 0.89774 0.35844 0.74534 1.47165 2.46848 3.45441 3.74139 3.98159 3.66800 2.78796 1.62240 0.73277 0.13124 0.00000 0.00000 0.00000 0.00000 0.00000 0.00000 0.00000 0.00000 0.00000 0.00000 0.00000 0.00000 0.00000 0.00000 0.00000 0.00000 0.00000 0.00000 0.00000 0.00611 0.01526 0.07822 0.15595 0.16636 0.17857 0.20185 0.20907 0.12351 0.08385 0.13843 0.18255 0.19449 0.17488 0.16253 0.09599 0.00747 0.00000 0.00000 0.00000 0.00000 0.00000 0.00000 0.00000 0.00000 0.00000 0.00000 0.00000 0.00000 0.00000 0.00000 0.00000 0.00000 0.00000 0.10957 0.59807 1.10614 -9999
-9999 -9999 1.27868 0.29592 0.54725 0.94381 1.69260 2.43292 2.99979 3.17382 3.08978 2.46088 1.64273 0.69484 0.28828 0.12892 0.00000 0.00000 0.00000 0.00000 0.00000 0.00000 0.00000 0.00000 0.00000 0.00000 0.00000 0.00000 0.00000 0.00000 0.00000 0.00000 0.00000 0.01673 0.00548 0.03556 0.06346 0.11059 0.15065 0.16409 0.15638 0.13949 0.13477 0.11898 0.11902 0.14200 0.18649 0.21771 0.18798 0.14807 0.05484 0.00000 0.00000 0.00000 0.00000 0.00000 0.00000 0.00000 0.00000 0.00000 0.00000 0.00000 0.00000 0.00000 0.00000 0.00000 0.00000 0.00000 0.00000 0.38095 0.87466 -9999 -9999
-9999 -9999 0.67686 0.39015 0.74119 1.17315 1.67680 2.30639 2.35327 2.32138 1.96238 1.42031 0.76803 0.17283 0.05724 0.03362 0.00000 0.00000 0.00000 0.00000 0.00000 0.00000 0.00000 0.00000 0.00000 0.00000 0.00000 0.00000 0.00000 0.00000 0.00000 0.00000 0.00000 0.03165 0.05814 0.09448 0.13202 0.18072 0.20095 0.19024 0.18145 0.12819 0.15427 0.17835 0.18714 0.20031 0.22079 0.19761 0.15375 0.13448 0.11535 0.06151 0.00369 0.00000 0.00000 0.00000 0.00000 0.00000 0.00000 0.00000 0.00000 0.00000 0.00000 0.00000 0.00000 0.00000 0.00000 0.15163 -9999 -9999 -9999 -9999 -9999
-9999 0.88407 0.27297 0.57031 0.84729 1.24895 1.73486 1.94990 1.68078 1.52761 1.06750 0.57778 0.19945 0.11678 0.00000 0.00000 0.00000 0.00000 0.00000 0.00000 0.00000 0.00000 0.00000 0.00000 0.00000 0.00000 0.00000 0.00000 0.00000 0.00000 0.00000 0.00000 0.00000 0.04497 0.09025 0.10907 0.17401 0.24651 0.27794 0.27522 0.23877 0.21302 0.23752 0.24652 0.22748 0.24119 0.26052 0.18740 0.14437 0.15960 0.13588 0.04954 0.00000 0.00000 0.00000 0.00000 0.00000 0.00000 0.00000 0.00000 0.00000 0.00000 0.00000 0.00000 0.00000 0.19102 0.36400 -9999 -9999 -9999 -9999 -9999 -9999
1.38641 0.22780 0.35169 0.57898 0.87429 1.16959 1.37405 1.46202 1.18880 0.88187 0.48260 0.12273 0.02081 0.00000 0.00000 0.00000 0.00000 0.00000 0.00000 0.00000 0.00000 0.00000 0.00000 0.00000 0.00000 0.00000 0.00000 0.00000 0.00000 0.00000 0.00000 0.00000 0.00308 0.03521 0.07509 0.13265 0.18046 0.27566 0.31603 0.33382 0.31226 0.28833 0.29607 0.28817 0.28067 0.28711 0.24199 0.13614 0.14016 0.16682 0.09183 0.00570 0.00000 0.00000 0.00000 0.00000 0.00000 0.00000 0.00000 0.00000 0.00000 0.00000 0.00000 0.12939 -9999 -9999 -9999 -9999 -9999 -9999 -9999 -9999 -9999
0.46351 0.28751 0.47398 0.89108 1.05222 1.05389 1.10328 0.93328 0.66986 0.38480 0.22579 0.02065 0.00000 0.00000 0.00000 0.00000 0.00000 0.00000 0.00000 0.00000 0.00000 0.00000 0.00000 0.00000 0.00000 0.00000 0.00000 0.00000 0.00000 0.00000 0.00000 0.00000 0.00000 0.00000 0.04649 0.11603 0.17867 0.23415 0.32388 0.36259 0.37282 0.35814 0.33075 0.29348 0.25007 0.26842 0.27600 0.18462 0.13141 0.11241 0.04261 0.00000 0.00000 0.00000 0.00000 0.00000 0.00000 0.00000 0.00000 0.00000 0.12255 0.25335 -9999 -9999 -9999 -9999 -9999 -9999 -9999 -9999 -9999 -9999 -9999
0.19259 0.41716 0.67300 0.82133 0.89083 0.85868 0.72387 0.52294 0.26226 0.02079 0.00000 0.00000 0.00000 0.00000 0.00000 0.00000 0.00000 0.00000 0.00000 0.00000 0.00000 0.00000 0.00000 0.00000 0.00000 0.00000 0.00000 0.00000 0.00000 0.00000 0.00000 0.00000 0.00000 0.00000 0.06416 0.11971 0.14320 0.18139 0.20635 0.32085 0.40981 0.42536 0.37302 0.33033 0.25774 0.18033 0.18112 0.22648 0.14528 0.08618 0.02710 0.01565 0.00240 0.00000 0.00000 0.00000 0.00000 0.00000 0.03436 -9999 -9999 -9999 -9999 -9999 -9999 -9999 -9999 -9999 -9999 -9999 -9999 -9999 -9999
0.32254 0.54985 0.77177 0.82576 0.67116 0.54847 0.36819 0.15555 0.02996 0.00000 0.00000 0.00000 0.00000 0.00000 0.00000 0.00000 0.00000 0.00000 0.00000 0.00000 0.00000 0.00000 0.00000 0.00000 0.00000 0.00000 0.00000 0.00000 0.00000 0.00000 0.00000 0.00000 0.01235 0.03477 0.09944 0.14063 0.16568 0.17840 0.20534 0.27830 0.39361 0.44171 0.41407 0.37344 0.29762 0.16863 0.13499 0.17994 0.14133 0.05013 0.00000 0.00000 0.03514 0.00000 0.00000 0.00000 0.00000 0.19427 -9999 -9999 -9999 -9999 -9999 -9999 -9999 -9999 -9999 -9999 -9999 -9999 -9999 -9999 -9999
0.42742 0.67516 0.66963 0.57199 0.41075 0.23916 0.08761 0.01841 0.00000 0.00000 0.00000 0.00000 0.00000 0.00000 0.00000 0.00000 0.00000 0.00000 0.00000 0.00000 0.00000 0.00000 0.00000 0.00000 0.00000 0.00000 0.00000 0.00000 0.00000 0.00000 0.00000 0.00000 0.00000 0.01867 0.10704 0.12953 0.15527 0.19226 0.21282 0.24738 0.31837 0.42576 0.52767 0.47424 0.31404 0.12289 0.13577 0.19307 0.25540 0.20209 0.09150 0.00000 0.09066 0.24768 0.21257 0.06561 0.35417 -9999 -9999 -9999 -9999 -9999 -9999 -9999 -9999 -9999 -9999 -9999 -9999 -9999 -9999 -9999 -9999
0.53899 0.49161 0.40994 0.29844 0.16648 0.06749 0.00059 0.00000 0.00000 0.00000 0.00000 0.00000 0.00000 0.00000 0.00000 0.00000 0.00000 0.00000 0.00000 0.00000 0.00000 0.00000 0.00000 0.00000 0.00000 0.00000 0.00000 0.00000 0.00000 0.00000 0.00000 0.00000 0.00000 0.00000 0.01072 0.11084 0.17353 0.20837 0.24486 0.26744 0.29341 0.37268 0.48716 0.52308 0.29809 0.15818 0.13783 0.29776 0.35506 0.24362 0.13218 0.02640 0.08039 0.22257 0.01269 0.46411 -9999 -9999 -9999 -9999 -9999 -9999 -9999 -9999 -9999 -9999 -9999 -9999 -9999 -9999 -9999 -9999 -9999
0.45411 0.34454 0.22033 0.11215 0.00431 0.00000 0.00000 0.00000 0.00000 0.00000 0.00000 0.00000 0.00000 0.00000 0.00000 0.00000 0.00000 0.00000 0.00000 0.00000 0.00000 0.00000 0.00000 0.00000 0.00000 0.00000 0.00000 0.00000 0.00000 0.00000 0.00000 0.00000 0.00000 0.00000 0.00906 0.06461 0.17113 0.22305 0.25769 0.31186 0.34418 0.39635 0.45499 0.51618 0.61215 0.35441 0.38599 0.55563 0.61408 0.54479 0.40952 0.24976 0.02229 0.06536 -9999 -9999 -9999 -9999 -9999 -9999 -9999 -9999 -9999 -9999 -9999 -9999 -9999 -9999 -9999 -9999 -9999 -9999 -9999
0.28375 0.17225 0.04351 0.00000 0.00000 0.00000 0.00000 0.00000 0.00000 0.00000 0.00000 0.00000 0.00000 0.00000 0.00000 0.00000 0.00000 0.00000 0.00000 0.00000 0.00000 0.00000 0.00000 0.00000 0.00000 0.00000 0.00000 0.00000 0.00000 0.00000 0.00000 0.00000 0.00000 0.00000 0.00000 0.05427 0.17619 0.28193 0.35284 0.40548 0.46048 0.50506 0.53537 0.50769 0.50651 0.67673 1.06404 1.41908 0.84836 0.87806 0.74279 0.43126 0.00426 0.29124 -9999 -9999 -9999 -9999 -9999 -9999 -9999 -9999 -9999 -9999 -9999 -9999 -9999 -9999 -9999 -9999 -9999 -9999 -9999
0.09354 0.00000 0.00000 0.00000 0.00000 0.00000 0.00000 0.00000 0.00000 0.00000 0.00000 0.00000 0.00000 0.00000 0.00000 0.00000 0.00000 0.00000 0.00000 0.00000 0.00000 0.00000 0.00000 0.00000 0.00000 0.00000 0.00000 0.00000 0.00000 0.00000 0.00000 0.00000 0.00000 0.00000 0.00000 0.01197 0.17659 0.27244 0.35548 0.41235 0.46136 0.49659 0.53443 0.55618 0.58103 0.65807 0.78014 1.20937 1.08265 1.21133 0.99041 0.52794 0.06547 0.56432 -9999 -9999 -9999 -9999 -9999 -9999 -9999 -9999 -9999 -9999 -9999 -9999 -9999 -9999 -9999 -9999 -9999 -9999 -9999
0.00000 0.00000 0.00000 0.00000 0.00000 0.00000 0.00000 0.00000 0.00000 0.00000 0.00000 0.00000 0.00000 0.00000 0.00000 0.00000 0.00000 0.00000 0.00000 0.00000 0.00000 0.00000 0.00000 0.00000 0.00000 0.00000 0.00000 0.00000 0.00000 0.00000 0.00000 0.00000 0.00000 0.00000 0.00000 0.00000 0.00000 0.13380 0.32606 0.40859 0.45729 0.50995 0.55197 0.59064 0.62910 0.66963 0.72993 0.87114 1.07299 1.47503 1.59003 1.32760 0.67630 -9999 -9999 -9999 -9999 -9999 -9999 -9999 -9999 -9999 -9999 -9999 -9999 -9999 -9999 -9999 -9999 -9999 -9999 -9999 -9999
