Percent_time_lt6psu_100mGrid_UTM_2018Action_01_Summer Operation.asc
ncols         302 
nrows         249 
xllcorner     574000.000000 
yllcorner     4208300.000000 
cellsize      100.000000 
NODATA_value  -9999 
[rows 165 to 197 of 249, columns 146 to 218 of 302]
-9999 -9999 -9999 -9999 -9999 -9999 -9999 -9999 -9999 -9999 -9999 -9999 -9999 -9999 -9999 -9999 -9999 -9999 -9999 -9999 -9999 -9999 -9999 -9999 -9999 -9999 -9999 -9999 -9999 -9999 -9999 -9999 -9999 -9999 -9999 -9999 -9999 -9999 -9999 -9999 -9999 -9999 -9999 -9999 -9999 -9999 -9999 -9999 -9999 -9999 -9999 -9999 -9999 -9999 -9999 -9999 -9999 -9999 -9999 -9999 -9999 -9999 -9999 -9999 -9999 -9999 -9999 -9999 -9999 -9999 -9999 -9999 -9999
-9999 -9999 -9999 -9999 -9999 -9999 -9999 -9999 -9999 -9999 -9999 -9999 -9999 -9999 -9999 -9999 -9999 -9999 -9999 -9999 -9999 -9999 -9999 -9999 -9999 -9999 -9999 -9999 -9999 -9999 -9999 -9999 -9999 -9999 -9999 -9999 -9999 -9999 -9999 -9999 -9999 -9999 -9999 -9999 -9999 -9999 -9999 -9999 -9999 -9999 -9999 -9999 -9999 -9999 -9999 -9999 -9999 -9999 -9999 -9999 -9999 -9999 -9999 -9999 -9999 -9999 -9999 -9999 -9999 -9999 -9999 -9999 -9999
-9999 -9999 -9999 -9999 -9999 -9999 -9999 -9999 -9999 -9999 -9999 -9999 -9999 -9999 -9999 -9999 -9999 -9999 -9999 -9999 -9999 -9999 -9999 -9999 -9999 -9999 -9999 -9999 -9999 -9999 -9999 -9999 -9999 -9999 -9999 -9999 -9999 -9999 -9999 -9999 -9999 -9999 -9999 -9999 -9999 -9999 -9999 -9999 -9999 -9999 -9999 -9999 -9999 -9999 -9999 -9999 -9999 -9999 -9999 -9999 -9999 -9999 -9999 -9999 -9999 -9999 -9999 -9999 -9999 -9999 -9999 -9999 -9999
-9999 -9999 -9999 -9999 -9999 -9999 -9999 -9999 -9999 -9999 -9999 -9999 -9999 -9999 -9999 -9999 -9999 -9999 -9999 -9999 -9999 -9999 -9999 -9999 -9999 -9999 -9999 -9999 -9999 -9999 -9999 -9999 -9999 -9999 -9999 -9999 -9999 -9999 -9999 -9999 -9999 -9999 -9999 -9999 -9999 -9999 -9999 -9999 -9999 -9999 -9999 -9999 -9999 -9999 -9999 -9999 -9999 -9999 -9999 -9999 -9999 -9999 -9999 -9999 -9999 -9999 -9999 -9999 -9999 -9999 -9999 -9999 -9999
-9999 -9999 -9999 -9999 -9999 -9999 -9999 -9999 -9999 -9999 -9999 -9999 -9999 -9999 -9999 -9999 -9999 -9999 -9999 -9999 -9999 -9999 -9999 -9999 -9999 -9999 -9999 -9999 -9999 -9999 -9999 -9999 -9999 -9999 -9999 -9999 -9999 -9999 -9999 -9999 -9999 -9999 -9999 -9999 -9999 -9999 -9999 -9999 -9999 -9999 -9999 -9999 -9999 -9999 -9999 -9999 -9999 -9999 -9999 -9999 -9999 -9999 -9999 -9999 -9999 -9999 -9999 -9999 -9999 -9999 -9999 -9999 -9999
-9999 -9999 -9999 -9999 -9999 -9999 -9999 -9999 -9999 -9999 -9999 -9999 -9999 -9999 -9999 -9999 -9999 -9999 -9999 -9999 -9999 -9999 -9999 -9999 -9999 -9999 -9999 -9999 -9999 -9999 -9999 -9999 -9999 -9999 -9999 -9999 -9999 -9999 -9999 -9999 -9999 -9999 -9999 -9999 -9999 -9999 -9999 -9999 -9999 -9999 -9999 -9999 -9999 -9999 -9999 -9999 -9999 -9999 -9999 -9999 -9999 -9999 -9999 -9999 -9999 -9999 -9999 -9999 -9999 -9999 -9999 -9999 -9999
-9999 -9999 -9999 -9999 -9999 -9999 -9999 -9999 -9999 -9999 -9999 -9999 -9999 -9999 -9999 -9999 -9999 -9999 -9999 -9999 -9999 -9999 -9999 -9999 -9999 -9999 -9999 -9999 -9999 -9999 -9999 -9999 -9999 -9999 -9999 -9999 -9999 -9999 -9999 -9999 -9999 -9999 -9999 -9999 -9999 -9999 -9999 -9999 -9999 -9999 -9999 -9999 -9999 -9999 -9999 -9999 -9999 -9999 -9999 -9999 -9999 -9999 -9999 -9999 -9999 -9999 -9999 -9999 -9999 -9999 -9999 -9999 -9999
-9999 -9999 -9999 -9999 -9999 -9999 -9999 -9999 -9999 -9999 -9999 -9999 -9999 -9999 -9999 -9999 -9999 -9999 -9999 -9999 -9999 -9999 -9999 -9999 -9999 -9999 -9999 -9999 -9999 -9999 -9999 -9999 -9999 -9999 -9999 -9999 -9999 -9999 -9999 -9999 -9999 -9999 -9999 -9999 -9999 -9999 -9999 -9999 -9999 -9999 -9999 -9999 -9999 -9999 -9999 -9999 -9999 -9999 -9999 -9999 -9999 -9999 -9999 -9999 -9999 -9999 -9999 -9999 -9999 -9999 -9999 -9999 -9999
7.98719 8.88000 9.27720 9.24036 -9999 -9999 -9999 -9999 -9999 -9999 -9999 -9999 -9999 -9999 -9999 -9999 -9999 -9999 -9999 -9999 -9999 -9999 -9999 -9999 -9999 -9999 -9999 -9999 -9999 -9999 -9999 -9999 -9999 -9999 -9999 -9999 -9999 -9999 -9999 -9999 -9999 -9999 -9999 -9999 -9999 -9999 -9999 -9999 -9999 -9999 -9999 -9999 -9999 -9999 -9999 -9999 -9999 -9999 -9999 -9999 -9999 -9999 -9999 -9999 -9999 -9999 -9999 -9999 -9999 -9999 -9999 -9999 -9999
6.60810 6.05299 7.95971 9.53292 13.34106 -9999 -9999 -9999 -9999 -9999 -9999 -9999 -9999 -9999 -9999 -9999 -9999 -9999 -9999 -9999 -9999 -9999 -9999 -9999 -9999 -9999 -9999 -9999 -9999 -9999 -9999 -9999 98.44061 99.98282 -9999 -9999 -9999 -9999 -9999 -9999 -9999 -9999 -9999 -9999 -9999 -9999 -9999 -9999 -9999 -9999 -9999 -9999 -9999 -9999 -9999 -9999 -9999 -9999 -9999 -9999 -9999 -9999 -9999 -9999 -9999 -9999 -9999 -9999 -9999 -9999 -9999 -9999 -9999
5.64995 6.47493 5.98632 7.66501 10.40608 19.82091 -9999 -9999 -9999 -9999 -9999 -9999 -9999 -9999 -9999 -9999 -9999 -9999 -9999 -9999 -9999 -9999 -9999 -9999 -9999 -9999 -9999 -9999 -9999 -9999 -9999 -9999 95.70580 96.35242 -9999 -9999 -9999 -9999 -9999 -9999 -9999 -9999 -9999 -9999 -9999 -9999 -9999 -9999 -9999 -9999 -9999 -9999 -9999 -9999 -9999 -9999 -9999 -9999 -9999 -9999 55.34136 54.67961 -9999 -9999 -9999 57.52514 57.83225 57.76979 -9999 -9999 -9999 -9999 -9999
8.71965 8.76550 8.35972 7.73836 8.40523 11.25594 22.53848 -9999 -9999 -9999 -9999 -9999 -9999 -9999 -9999 -9999 -9999 -9999 -9999 -9999 -9999 -9999 -9999 -9999 -9999 -9999 -9999 -9999 -9999 -9999 -9999 85.45270 96.73388 -9999 -9999 -9999 -9999 -9999 -9999 -9999 -9999 -9999 -9999 -9999 -9999 -9999 -9999 -9999 -9999 -9999 -9999 -9999 -9999 -9999 -9999 -9999 -9999 -9999 -9999 -9999 -9999 53.48341 53.56755 54.18478 54.93660 55.17112 55.18863 54.40514 54.10578 55.70903 -9999 -9999 -9999
9.16880 9.08740 9.03253 8.97766 7.96707 10.08221 21.28363 -9999 -9999 -9999 -9999 55.54303 -9999 -9999 -9999 -9999 -9999 -9999 -9999 -9999 -9999 -9999 -9999 -9999 -9999 -9999 -9999 -9999 -9999 -9999 -9999 91.54450 93.17903 -9999 -9999 -9999 -9999 -9999 -9999 -9999 -9999 -9999 -9999 -9999 -9999 -9999 -9999 -9999 -9999 -9999 -9999 -9999 62.49114 57.58124 -9999 -9999 -9999 -9999 54.67383 54.46705 54.68433 54.60838 54.39081 54.86950 54.93673 54.89822 54.85579 54.91828 54.77444 54.55751 -9999 -9999 -9999
10.59596 10.27994 9.96392 9.64790 8.94946 9.14975 12.00337 48.78447 78.21946 90.11226 72.31259 55.00227 -9999 -9999 -9999 -9999 -9999 -9999 -9999 -9999 -9999 63.00841 63.83081 64.65322 -9999 -9999 -9999 -9999 -9999 -9999 68.54029 98.24648 -9999 -9999 -9999 -9999 -9999 -9999 -9999 -9999 -9999 -9999 -9999 84.95278 92.99298 99.42993 94.69691 89.96388 85.23086 77.76457 69.88269 62.00081 56.48450 56.40667 56.31671 55.94602 55.55627 55.29114 54.88426 54.65151 54.57561 54.56699 54.48633 54.40432 54.53882 54.50534 54.43303 54.48286 54.66824 54.35267 55.38917 -9999 -9999
12.17116 11.85514 11.53912 10.85854 10.20105 8.62844 11.18051 50.79756 87.99432 74.77026 32.80195 48.66143 -9999 -9999 -9999 -9999 -9999 -9999 -9999 -9999 -9999 54.93264 55.75505 56.57745 57.39986 58.22227 59.04467 59.86708 54.69340 53.69377 77.80759 94.51237 -9999 -9999 -9999 61.76019 57.58177 -9999 -9999 -9999 -9999 -9999 62.20451 62.68530 70.74747 63.09967 69.74512 56.83054 56.49758 56.01979 55.70191 55.71982 55.76054 55.68064 55.67237 55.37591 55.29002 55.14067 54.86456 54.62447 54.38829 54.32004 54.18617 54.06543 53.76638 53.57360 53.51912 53.66277 54.19443 54.19916 54.27976 -9999 -9999
13.74637 13.23889 12.76971 12.36260 11.92531 10.37154 8.43987 21.64207 46.29616 37.62287 24.65045 41.04050 44.62612 -9999 -9999 -9999 -9999 -9999 -9999 -9999 -9999 49.93565 50.12760 50.31954 50.51148 50.70342 50.96890 49.42293 48.88603 49.51739 66.83493 -9999 -9999 -9999 -9999 57.16781 51.33268 52.72480 -9999 -9999 54.97004 55.08791 55.32990 55.67218 56.25837 56.33783 56.54160 56.45210 56.00070 55.81283 55.64581 55.62160 55.54098 55.56586 55.48924 55.30404 55.10199 54.79842 54.61233 54.41262 54.17968 54.03133 53.73610 53.33597 52.73882 52.35309 52.24040 52.57199 53.37826 53.79832 53.89764 55.26083 -9999
15.33837 14.93125 14.52414 14.45905 13.51061 12.46954 10.87352 9.29717 12.76849 16.98133 20.91667 30.96037 37.00518 -9999 -9999 -9999 -9999 -9999 -9999 -9999 -9999 46.44264 46.63458 46.82653 47.01847 46.96144 43.53427 46.49282 47.14351 48.09723 55.86227 -9999 -9999 -9999 59.92126 51.66409 52.17730 53.42641 54.83483 55.37698 55.91914 56.46129 56.37252 55.20869 55.45134 55.68458 55.92789 55.69907 55.53081 55.38490 55.49905 55.52806 55.52457 55.28084 55.26177 54.96580 54.61314 54.46570 54.34700 54.14981 53.83960 53.52423 52.80396 51.89692 51.41387 51.08753 51.00541 51.21126 52.01313 52.61604 52.80856 54.07976 56.24191
14.66856 16.68569 16.46499 16.52774 16.33088 16.53640 15.74324 12.44682 10.92306 12.46138 16.28002 21.87110 29.38424 -9999 -9999 -9999 -9999 -9999 -9999 -9999 42.75769 42.94963 43.14157 43.33351 41.15043 39.46679 40.56616 43.35373 45.35767 46.72324 47.68012 -9999 -9999 54.36314 52.55881 50.38666 51.66500 52.31930 53.13803 55.06234 56.21137 55.68452 55.59228 55.40318 55.35047 55.36756 55.57564 55.64807 55.45592 55.27998 55.28283 55.31019 55.20703 55.02947 54.92583 54.61516 54.41495 54.25601 54.04380 53.81816 53.41167 52.76571 51.52450 50.78228 50.48953 50.27969 50.15216 50.29275 51.01047 51.72059 51.84887 52.68425 55.06084
13.79924 15.33111 17.67203 19.28543 19.84994 21.70802 22.46888 19.12817 15.99525 14.29820 12.72969 15.12828 22.28960 25.34893 -9999 -9999 -9999 -9999 -9999 39.07273 39.26468 39.45662 39.64856 36.88105 37.85446 39.05478 39.97774 41.23538 43.19788 44.84001 46.17683 47.10199 47.81774 48.53350 44.45154 49.01601 50.86794 51.66227 52.03463 53.02272 53.79128 54.34092 54.72908 55.00572 55.21646 55.57397 55.56818 55.51867 55.31019 55.26238 55.19922 55.16261 55.02331 54.54644 54.27413 54.09776 54.09119 53.99954 53.65373 53.14264 52.62106 51.78954 50.59190 50.11288 50.06171 49.87572 50.11601 50.41928 51.16005 51.90307 52.81806 53.64026 54.76616
13.37513 14.21988 15.68749 17.40680 18.50582 20.36491 22.12817 19.53058 18.81269 19.97128 16.62250 13.01116 18.17293 23.08464 -9999 -9999 -9999 -9999 -9999 35.57972 35.77166 34.54081 35.24106 36.11309 37.41770 38.41774 39.36687 40.38725 41.37201 42.43319 43.37860 44.91700 46.46336 48.08492 48.31569 48.85030 49.23487 50.20971 51.04788 51.89497 52.37464 52.82989 53.52056 53.73545 54.04100 54.49013 54.97846 55.15013 55.15881 55.25539 55.31328 55.35922 55.15084 54.39413 53.94557 53.89445 53.87251 53.72838 53.38989 52.64480 51.97042 51.37591 50.44142 50.23869 50.19727 50.68719 50.83343 51.33637 51.95957 51.95413 52.95592 53.82810 54.87323
13.54279 14.21452 14.82333 16.07961 17.49598 19.53930 21.28385 20.77178 20.81900 23.29753 25.58030 17.37723 12.69417 22.59454 -9999 -9999 -9999 28.98428 30.26713 31.62076 32.71520 34.00287 34.77887 35.40363 36.38423 37.23161 38.11816 38.95047 39.72040 40.65954 41.67330 42.61686 43.67740 45.02246 45.99909 46.96589 47.71654 48.47402 49.27607 49.96331 50.50486 50.99520 51.49824 52.06513 52.74425 53.44366 54.02509 54.59539 55.24293 55.31423 55.34418 55.31876 55.05424 54.21301 53.96642 53.78773 53.66953 53.48883 52.89207 52.28214 51.67601 51.17562 50.68379 50.56256 51.05972 51.75739 52.48636 53.23213 53.71457 54.11939 56.17692 55.41000 55.11531
13.41115 14.18654 14.83030 15.39796 16.49188 17.88282 19.55244 20.49264 21.59832 25.31897 26.85823 20.93913 15.18091 19.91177 24.34952 25.92259 27.86885 29.62354 31.47929 31.70292 32.79092 33.72181 34.06834 34.73440 35.54469 36.29890 37.01789 37.77744 38.49052 39.30926 40.14978 40.87945 41.92050 43.09397 44.06014 45.09145 45.67558 46.35251 47.12429 47.78411 48.41977 49.15784 49.93553 50.52592 51.16575 51.90535 52.75458 53.62818 54.36057 54.96191 55.26032 55.31492 55.06770 54.36316 54.06626 53.84712 53.64801 53.42719 52.89583 52.06762 51.69866 51.22174 50.97113 51.08682 51.77993 52.88497 53.49614 54.64199 56.10005 57.88185 57.33026 -9999 -9999
13.74849 14.33359 14.83268 15.27457 15.97130 16.90714 17.98095 18.93204 20.98981 24.78043 26.90606 21.81428 18.27194 16.06707 17.49800 24.32841 27.17026 27.92041 28.81112 29.64223 30.60825 31.59189 32.26469 33.02154 33.77686 34.48161 35.42535 36.34758 37.17707 37.94455 38.61592 39.28211 40.39297 41.42299 42.27156 42.95419 43.57161 44.19024 44.88188 45.62277 46.34145 47.05646 47.84360 48.75553 49.50610 50.34524 51.29009 52.40034 53.48935 54.43912 55.11151 55.36025 55.11818 54.80551 54.39299 54.00869 53.73093 53.46244 53.18349 52.47168 51.99730 51.90015 51.55737 51.69990 52.43570 53.41780 54.46255 55.74689 57.29894 58.54228 56.91803 -9999 -9999
14.13584 14.74063 15.11185 15.60831 16.29908 16.67542 17.47153 18.18111 20.39698 23.74850 26.95390 23.16828 20.74990 19.82542 17.89147 17.43348 18.16249 20.04549 23.20531 25.66950 27.13444 28.08092 28.88776 29.44132 30.42624 31.43966 32.53057 33.40905 34.39576 35.39297 36.41965 37.48648 38.44632 39.26097 40.27167 41.18902 41.81237 42.44680 43.06951 43.72887 44.39288 45.14408 46.03114 46.98793 47.86049 48.88352 49.83134 51.03848 52.51040 53.66068 54.81854 55.47836 55.48458 55.40591 55.00892 54.53800 54.24574 54.08457 53.81625 53.29135 52.93521 52.94954 53.45855 53.78251 54.09034 54.48839 55.10962 56.11170 57.27114 58.03816 57.47096 -9999 -9999
14.57564 15.20450 15.77080 16.37997 16.88961 17.31082 17.90883 18.06403 19.40593 20.98216 24.67785 25.55885 23.35332 24.03379 23.84407 24.66390 21.72280 20.91235 20.87636 21.65781 22.60261 23.23937 24.45915 25.73804 27.03605 27.81356 28.69619 29.84086 31.03995 32.37269 33.26646 34.22298 35.41269 36.49771 37.62562 38.26448 39.20513 40.07765 40.95364 41.66084 42.55678 43.47769 44.36027 45.38159 46.40154 47.39257 48.47412 49.60783 50.95163 52.48410 53.87628 55.06751 55.59970 55.72894 55.61135 55.12198 54.75630 54.62383 54.61957 54.64162 54.40587 54.47681 55.31025 55.24383 55.50124 55.82174 56.63554 -9999 58.55258 58.55915 -9999 -9999 -9999
14.34297 15.40178 16.21895 17.03888 17.54837 18.10062 18.63650 18.70421 19.46014 20.03819 21.29650 23.36200 25.16471 27.18902 28.05579 28.72943 27.11231 26.29683 25.47130 24.39379 24.61688 24.44571 24.85127 25.41179 25.78997 26.19546 26.76167 28.03338 29.20362 29.99713 30.85768 31.79080 32.79978 33.71809 34.58245 35.58083 36.40563 37.33182 38.44956 39.56049 40.69861 41.84770 42.84731 43.84092 45.01404 46.16160 47.16978 48.33142 49.65023 51.20502 52.57350 54.03655 55.13110 55.57410 55.69075 55.51130 55.23156 55.09753 55.09203 55.01873 55.27098 55.95948 56.27640 56.35133 56.76469 -9999 -9999 -9999 59.33744 59.08840 -9999 -9999 -9999
13.58341 14.97752 16.17669 17.15160 17.93902 18.50408 19.04404 19.55890 20.12033 20.50738 21.00389 21.78909 22.67294 24.58822 26.23630 27.80815 28.65480 29.05149 28.77281 28.31254 28.19539 28.40583 28.18961 28.01175 27.79218 27.69782 27.94359 28.28976 28.98233 29.64753 30.33619 31.19544 31.61687 32.06780 32.66917 33.73517 34.69299 35.20037 36.00520 37.19507 38.39857 39.82717 40.95288 42.03245 43.65559 44.95742 45.98397 46.96971 48.38385 49.93561 51.15766 52.78861 54.12907 55.01692 55.39128 55.63560 55.62020 55.58502 55.57397 55.48449 55.86292 57.13770 57.55750 -9999 -9999 -9999 -9999 -9999 59.95007 59.77465 -9999 -9999 -9999
12.32908 13.92200 15.35885 16.67731 17.75471 18.67003 19.41043 20.08520 20.78346 21.29373 21.65740 22.19494 22.77327 23.64356 24.84857 26.05135 27.16237 28.07720 28.58561 29.40797 29.70950 30.26279 30.31484 30.40442 30.45257 30.70623 30.55174 30.43668 30.32012 30.44407 30.88619 31.48501 31.91033 32.60578 33.12206 33.61977 34.02861 34.38122 34.89488 35.43858 36.21599 37.24571 38.48783 39.75037 41.35928 43.13792 44.64193 45.88313 47.32562 48.70335 50.12742 51.73054 53.26654 54.35484 54.86207 55.35758 55.71036 55.84545 56.31035 56.50761 57.11976 58.71135 58.38694 -9999 -9999 -9999 -9999 -9999 60.63205 60.46089 -9999 -9999 -9999
9.73450 11.68457 13.65498 15.62817 17.24863 18.54841 19.51747 20.27486 21.01258 21.70924 22.16818 22.58936 23.02396 23.39717 24.00627 24.82292 25.83208 26.89990 27.89357 28.55858 29.27448 29.49405 30.09512 30.65389 31.08578 31.85414 32.15234 32.18697 32.38483 32.53678 32.49701 32.66014 32.76561 32.84536 33.29125 33.59272 33.91196 34.24367 34.62414 34.86221 35.31009 35.93994 36.65311 37.58300 38.67992 40.56727 42.82539 44.42836 45.98273 47.48327 49.08749 50.71294 52.59499 53.62346 54.47883 55.14436 55.70401 56.40935 56.92736 57.52261 58.22389 59.29545 59.38864 -9999 -9999 -9999 -9999 -9999 61.38221 61.14714 -9999 -9999 -9999
7.86268 9.41134 10.97549 13.03541 15.93439 18.17482 19.55581 20.53039 21.31525 21.90189 22.57653 22.92709 23.51186 23.94141 24.10498 24.59368 25.20912 26.15339 27.25588 27.81306 28.65010 29.20171 29.52098 29.99743 30.24035 30.89259 31.64652 32.31561 32.94893 33.43104 33.48337 33.68002 33.84971 34.01938 34.10740 34.25433 34.38245 34.54804 34.69396 34.74990 34.90500 35.23066 35.69315 36.21615 36.97107 38.45179 40.39722 42.39826 44.72739 46.54988 47.85042 49.13127 51.27028 52.90292 53.72558 54.52921 55.52452 56.52655 57.35322 58.09252 58.77215 59.55046 59.78236 -9999 -9999 -9999 -9999 -9999 61.91171 61.83338 -9999 -9999 -9999
7.33791 7.92250 9.34782 12.31789 15.26856 18.21253 19.82876 20.94310 21.75410 22.31077 22.98976 23.49101 23.81070 24.20787 24.64492 25.12817 25.78718 26.36933 27.04379 27.96336 29.02978 29.91795 30.36143 30.34134 30.32135 30.28954 30.93541 31.60894 32.19204 32.78993 33.27888 33.83897 34.10648 34.31947 34.53117 34.96355 35.31346 35.49002 35.32711 35.15807 34.96826 35.07519 35.30116 35.66218 36.25725 37.24860 38.52388 40.12733 42.16494 44.89224 47.15306 48.39759 50.00946 52.17904 53.01207 53.84888 54.84700 55.98543 57.14990 57.81239 58.87712 59.22033 59.37881 -9999 -9999 -9999 -9999 -9999 62.26379 62.51962 -9999 -9999 -9999
9.24528 9.30546 9.47410 9.64689 10.58075 15.85876 21.02914 21.70806 22.67044 23.27046 23.88831 24.29835 24.42835 24.94671 25.46756 25.83957 26.29099 26.85727 27.31720 28.16486 29.34261 30.31243 31.35666 32.51455 32.43809 31.87360 32.15261 32.17959 32.00060 32.14034 32.73749 33.30971 33.92120 34.48669 34.97801 35.45215 35.73236 35.91190 36.19380 36.18710 36.00839 35.80546 35.71965 35.70365 36.03035 36.85720 37.84304 39.05489 40.53510 42.65724 45.78393 47.71272 49.41435 51.19439 52.34154 53.46923 54.44540 55.54352 56.85137 57.80295 58.79212 58.99898 58.96531 -9999 -9999 -9999 -9999 -9999 62.65822 63.23396 -9999 -9999 -9999
13.33089 13.09945 13.01350 12.33936 12.19079 15.89272 18.97836 22.83717 24.18529 24.91714 25.26064 25.61864 25.94877 26.24547 26.59749 26.89353 27.25036 27.62657 28.04163 28.65011 29.68314 30.38598 31.64009 33.13495 34.34079 34.84404 35.24516 35.26985 34.69504 34.89822 34.93476 34.50486 33.89571 34.19903 34.87781 35.66965 36.48334 36.90308 37.11915 37.30634 37.37895 37.11823 36.90503 36.76837 36.71934 37.19925 37.77335 38.44435 39.76388 41.39420 44.19531 46.64716 48.87917 50.42263 51.70069 53.27629 54.11132 55.68184 56.92518 58.01297 58.68068 58.70343 58.49955 -9999 -9999 -9999 -9999 -9999 -9999 63.54173 63.79868 -9999 -9999
