SMSCG data/Percent_time_lt6psu_100mGrid_UTM_NoAction_01_Summer Operation.asc
ncols         302 
nrows         249 
xllcorner     574000.000000 
yllcorner     4208300.000000 
cellsize      100.000000 
NODATA_value  -9999 
[rows 198 to 230 of 249, columns 148 to 221 of 302]
24.34673 21.89117 18.00023 18.38584 24.42761 33.39993 32.22755 32.24677 32.30116 32.32381 32.51850 32.79871 32.90755 32.92568 33.20025 33.36183 33.60077 34.10752 34.63386 35.53315 36.68912 37.93157 39.78407 41.80334 43.93888 45.44817 46.60752 47.39213 47.42464 47.27456 46.43084 45.50806 44.91689 44.60850 45.18190 46.07492 46.93810 47.28076 47.62961 47.93608 47.68665 47.20460 46.68114 47.05838 47.53217 48.19984 49.77800 52.28680 54.92708 57.00411 59.40091 61.71500 64.60689 66.75607 68.43093 69.44092 69.88554 70.13418 70.30980 70.32121 70.58843 -9999 -9999 -9999 -9999 -9999 -9999 75.13018 75.72959 76.20447 -9999 -9999 -9999 -9999
27.76787 29.23800 31.12778 31.99941 31.25227 32.81678 32.94665 32.72401 33.05422 33.51686 33.94707 34.39186 34.48340 34.57865 34.65706 34.83490 35.22320 35.49688 35.69297 36.00695 36.81031 37.78469 39.01552 40.58458 42.67435 44.98673 47.19332 49.07750 50.00317 50.82981 52.01650 51.22659 49.71359 48.40993 47.59517 48.52952 48.98371 48.95638 49.40693 49.71621 49.52458 48.83435 48.27132 47.77734 47.90509 48.37120 49.48607 51.24654 53.81967 56.22262 58.40133 61.39707 64.36951 66.94878 68.52511 69.68685 69.98237 70.22267 70.37948 70.51568 70.85734 -9999 -9999 -9999 -9999 -9999 -9999 -9999 75.73525 76.29322 -9999 -9999 -9999 -9999
27.24852 27.05458 25.89557 24.60533 25.47241 27.43763 28.33931 29.67633 30.90757 31.60699 32.44767 33.34744 33.99495 34.43464 34.94684 35.38765 35.94261 36.42404 36.72735 37.02811 37.47801 38.11098 38.98376 39.92030 41.27697 43.20923 45.61811 48.09551 49.78818 51.43386 52.95861 54.12133 55.18505 55.64206 55.45370 53.87867 53.02657 52.36857 52.32513 52.26296 52.09847 51.50267 50.64624 49.61910 49.11157 48.96254 49.78603 50.95578 52.83496 55.18073 57.79701 61.26463 64.47220 67.07408 68.83393 69.80958 70.09903 70.33684 70.50012 70.66668 71.05839 -9999 -9999 -9999 -9999 -9999 -9999 -9999 75.86012 76.45947 76.88119 -9999 -9999 -9999
21.40531 22.15330 23.40613 24.05665 24.61526 25.21595 25.52684 26.29993 27.91580 28.94854 29.93633 30.75592 31.48345 32.44164 33.46508 34.46234 35.32791 36.13386 36.87725 37.36637 37.88696 38.37752 38.99388 39.84286 40.80311 41.81275 43.47629 45.08237 47.42741 49.62619 51.70624 53.51548 55.18641 56.85868 57.77331 57.60645 57.62305 57.51922 56.77073 56.15679 55.45356 54.73346 53.86224 52.46864 50.91599 49.87706 50.04414 50.60781 52.34039 54.51416 57.59914 61.29436 64.41862 67.82562 69.37783 70.01597 70.25271 70.46652 70.58408 70.77069 71.19011 -9999 -9999 -9999 -9999 -9999 -9999 -9999 -9999 76.68442 77.19662 77.53546 -9999 -9999
20.29515 20.76397 21.26029 21.88016 22.52717 23.11828 23.34940 23.62916 24.07430 24.62265 25.45376 26.43397 27.78616 29.21940 30.38298 31.74833 33.10843 34.21416 35.18069 36.00978 37.08423 37.78036 38.46052 39.05051 39.83119 41.13630 42.00086 42.70154 44.39957 46.66508 48.94084 51.38032 53.42758 55.31152 57.39400 58.78351 60.05776 60.78349 60.47559 59.95977 59.47345 58.92963 57.80313 55.98965 53.86696 51.83753 50.18166 50.35649 51.88093 54.46640 57.99076 61.67232 64.85593 68.55539 69.70032 70.24107 70.45310 70.61863 70.65639 70.91908 71.41382 -9999 -9999 -9999 -9999 -9999 -9999 -9999 -9999 -9999 77.50947 77.86545 78.19676 78.58950
19.56892 20.13078 20.82001 21.56230 22.20555 22.96433 23.43030 23.96015 24.34313 24.51014 24.88160 25.26189 25.87473 26.52672 27.19700 28.11947 28.94613 30.00320 31.20644 32.79165 34.41558 35.69179 37.11520 38.02284 38.63543 39.33654 40.35137 41.34699 42.19343 43.59697 45.11384 47.70555 50.31302 52.43224 54.63852 57.04836 59.47829 62.01302 62.42425 62.54690 62.01591 61.41177 60.83454 59.37653 57.16317 53.87716 51.07539 50.71671 52.37871 55.90680 58.82088 62.54872 65.71698 68.42904 70.17622 70.55824 70.69518 70.86645 71.13297 71.95732 72.74004 -9999 -9999 -9999 -9999 -9999 -9999 -9999 -9999 -9999 -9999 78.30182 78.61533 78.98176
19.15866 19.83547 20.54032 21.19788 21.94639 22.56434 23.28489 23.92840 24.54966 25.15665 25.71318 26.17645 26.58577 27.11067 27.60618 28.13972 28.73245 29.34035 29.86095 30.66719 31.51956 32.43077 33.30064 34.56754 36.46148 37.82299 38.63957 39.65280 40.62154 41.37312 42.48695 43.73703 45.92706 48.71755 51.46151 53.66222 55.89826 58.20921 60.46246 62.59873 64.36234 64.31525 63.34346 61.88704 59.78794 56.27311 50.25209 48.75216 52.31989 55.75182 59.01974 63.34031 66.39006 68.44051 70.30789 70.69637 70.94471 71.37862 71.73114 -9999 -9999 -9999 -9999 -9999 -9999 -9999 -9999 -9999 -9999 -9999 -9999 -9999 -9999 -9999
18.83561 19.50213 20.13977 20.65337 21.43116 22.07488 22.68002 23.34076 24.08003 24.90221 25.54518 26.05149 26.44481 27.19281 27.73292 28.15828 28.65941 29.24101 29.85754 30.44253 31.15421 32.04855 32.78585 33.75780 34.53798 35.94709 37.12664 38.24405 39.26323 40.21521 40.99111 41.85423 42.32892 44.56032 47.10568 50.10834 52.45150 54.62259 57.12904 59.42837 62.25820 63.80913 64.31045 63.77671 61.04391 55.41801 47.41111 46.26765 50.66219 56.25500 60.59338 64.86543 67.16397 69.16975 70.57043 71.02858 71.56074 -9999 -9999 -9999 -9999 -9999 -9999 -9999 -9999 -9999 -9999 -9999 -9999 -9999 -9999 -9999 -9999 -9999
18.38406 19.60469 20.40033 21.00373 21.74642 22.49856 22.99614 23.55510 24.09543 24.66406 25.16678 25.71477 26.36562 27.12201 27.65049 28.24048 28.70437 29.29985 29.93801 30.62831 31.38976 32.41333 33.18415 33.89475 34.87740 35.88091 36.70655 37.38003 38.01010 39.04424 40.35047 41.29257 41.92184 42.54383 43.64779 45.42927 48.95317 52.46610 54.71945 56.83065 58.70509 61.21916 63.67720 65.72299 63.02082 55.59051 47.71932 47.35411 55.09749 59.35522 63.61296 66.49561 68.26291 70.14290 -9999 -9999 -9999 -9999 -9999 -9999 -9999 -9999 -9999 -9999 -9999 -9999 -9999 -9999 -9999 -9999 -9999 -9999 -9999 -9999
16.65141 19.16237 21.26781 23.04502 23.76666 24.52654 25.14507 25.74626 26.37618 26.78157 26.95998 27.36132 28.00619 28.74077 29.13384 29.48581 29.71134 29.98749 30.49412 31.27514 32.12507 33.17464 34.08131 34.85961 35.38792 35.87596 36.70119 37.84533 39.07464 40.45589 41.34339 42.06909 42.16152 42.74957 43.24567 44.03636 45.22784 46.57706 49.64303 53.43122 56.68319 58.53632 60.27864 61.97466 62.41623 53.67504 50.15332 52.86127 -9999 -9999 -9999 -9999 68.65776 -9999 -9999 -9999 -9999 -9999 -9999 -9999 -9999 -9999 -9999 -9999 -9999 -9999 -9999 -9999 -9999 -9999 -9999 -9999 -9999 -9999
15.15566 16.47358 18.55142 21.53715 25.17169 26.10149 27.35950 28.35798 29.30930 30.19328 30.96149 31.42689 31.62919 31.86934 31.88068 31.93882 32.20178 32.21001 32.50823 32.96628 33.33917 33.91057 34.58609 35.81041 36.44982 36.73310 37.52356 38.68202 39.87544 41.05888 41.72865 42.59416 43.14701 43.77559 43.97242 44.30349 45.09073 46.22552 47.62269 49.20142 51.28422 54.62417 57.90694 59.98295 61.17180 56.59452 56.34335 59.53064 -9999 -9999 -9999 -9999 -9999 -9999 -9999 -9999 -9999 -9999 -9999 -9999 -9999 -9999 -9999 -9999 -9999 -9999 -9999 -9999 -9999 -9999 -9999 -9999 -9999 -9999
13.24849 14.38046 15.66010 17.42398 19.16870 22.28955 24.62875 26.87018 28.64771 31.13146 32.51605 33.73955 34.14465 34.32942 34.63654 34.66549 34.71617 34.56517 34.28738 34.44238 34.13046 35.20281 36.33581 37.27773 37.77357 38.18359 38.68722 39.60187 40.48945 40.90342 41.36409 42.13892 43.05750 44.16913 44.84120 45.07247 45.25426 45.91224 47.14319 48.48753 49.95712 52.16560 54.30170 56.65143 58.33122 59.99263 59.06926 61.38817 65.24598 67.69457 69.06666 -9999 -9999 -9999 -9999 -9999 -9999 -9999 -9999 -9999 -9999 -9999 -9999 -9999 -9999 -9999 -9999 -9999 -9999 -9999 -9999 -9999 -9999 -9999
14.75338 13.76052 14.11156 15.29431 15.73201 17.57355 19.71128 22.90317 25.81284 28.92711 31.17319 32.84881 33.54642 33.83042 34.05119 34.23360 35.33215 35.37726 35.04018 34.68258 34.42142 34.85657 35.92876 36.86339 37.98091 39.25921 40.07132 40.69457 41.48372 42.09496 42.43960 42.41961 42.92462 44.14676 45.12434 45.86025 45.75985 45.92270 46.90571 47.89814 49.13029 50.76852 52.64398 54.71999 56.38211 58.19158 59.50299 60.96601 62.67936 65.59820 69.44933 68.87392 71.19456 -9999 74.54017 74.37205 -9999 -9999 -9999 -9999 -9999 -9999 -9999 -9999 -9999 -9999 -9999 -9999 -9999 -9999 -9999 -9999 -9999 -9999
19.12106 15.83035 13.54255 13.39510 15.32352 15.95566 17.82501 21.31933 22.95679 24.18106 25.34312 26.58575 28.40788 29.74474 30.05102 29.55612 29.70094 30.54365 31.42469 32.62041 33.51770 34.02844 36.02822 36.42352 35.98913 36.36908 37.08143 38.66567 41.66316 44.27097 45.12532 45.36377 45.96457 45.55815 44.85779 45.52939 46.05932 46.72198 47.06744 47.69428 48.65147 49.89678 51.25091 53.01035 54.63899 56.36698 58.00683 59.88606 61.64003 63.28744 64.76208 67.67399 74.00956 74.87360 75.41810 75.04075 75.16005 75.74579 76.35025 76.77822 77.89159 82.07879 -9999 87.91542 -9999 79.31413 77.88256 78.92906 79.88751 80.64351 81.56356 82.46138 83.20037 83.81954
-9999 18.71225 17.43970 16.24069 15.65073 15.85168 17.70937 20.35786 22.45110 23.48266 24.54867 26.16046 26.57821 26.85893 26.38304 25.31232 25.14452 25.99394 28.49291 30.30117 30.32614 31.27269 33.41086 33.41503 31.87559 32.51210 32.02533 33.56153 37.00817 40.30788 44.37505 48.42574 51.38395 50.38713 49.07048 47.83712 46.35837 46.86872 47.30848 48.36212 49.08555 49.70890 50.04468 51.29116 52.86710 54.56048 56.22952 57.83360 59.38045 61.16718 62.41068 64.01321 65.47034 66.77307 67.99769 69.99541 72.09594 74.10022 75.84986 77.40711 78.12672 81.41828 83.04793 82.68741 81.36307 77.19744 78.45854 79.50489 80.37011 80.85400 81.13811 82.38335 82.65297 83.26710
-9999 -9999 20.29693 19.42847 18.69288 14.83298 13.74353 15.62808 19.14992 21.60393 23.97798 25.50733 24.72810 24.63421 24.39039 24.92984 27.33184 28.60813 29.38596 26.61371 27.00791 27.37106 24.49482 25.98485 27.32618 25.86150 26.61299 32.91883 34.71832 38.65171 40.33687 44.08007 48.51763 50.31749 51.95515 52.20029 53.08271 51.16453 48.18704 49.01708 48.99023 49.93176 50.51760 50.92300 51.64236 53.11774 54.30187 55.86203 57.25702 58.51327 59.61717 60.93061 62.41225 63.67592 64.69925 65.84422 66.58991 67.42445 67.82160 68.37086 69.40249 70.59299 71.13776 71.81926 71.72207 71.89200 72.02977 72.29684 73.02122 73.70690 74.35337 74.89628 75.35068 75.58737
-9999 -9999 -9999 -9999 19.98347 20.26956 18.32201 17.48030 16.56417 19.10947 19.15495 19.03678 18.26201 19.34110 20.69888 22.31926 21.32536 22.08236 20.23470 19.49141 21.84619 24.58854 24.61796 27.14031 26.67673 29.24058 32.16502 34.38328 36.25911 37.75901 38.42976 41.52762 43.32747 -9999 -9999 48.72704 50.52690 53.23036 56.05127 52.06264 51.00494 51.05944 50.46175 51.02837 51.90961 52.65746 53.27802 53.94243 55.42472 56.94731 57.99895 59.06323 60.19343 61.28918 62.35421 63.21188 64.29833 65.12169 65.86525 66.45786 67.27727 68.00957 68.62322 69.16891 69.67170 70.11342 70.72190 71.24361 71.78105 72.40392 73.00134 73.54880 74.09720 74.66270
-9999 -9999 -9999 -9999 -9999 18.68228 18.46569 18.24910 18.04222 18.66592 19.40043 19.55572 20.62160 21.70642 23.80808 24.80381 24.92750 28.09042 28.41149 28.10013 27.32855 29.71155 30.07034 30.42912 30.94792 31.48425 32.13157 33.65374 35.17591 36.69808 38.22025 39.74242 -9999 -9999 -9999 -9999 50.73449 -9999 55.02927 56.35802 56.23608 54.62996 52.80725 52.43501 52.02876 52.47185 53.32878 54.11122 54.62095 55.22325 56.44226 57.55328 58.45892 59.64673 60.71660 61.63889 62.40078 63.28391 64.08671 65.04543 65.85075 66.49631 67.11145 67.68321 68.23540 68.95056 69.40819 69.76823 70.19674 70.77886 71.66312 72.38536 73.04400 73.75744
-9999 -9999 -9999 -9999 -9999 -9999 -9999 -9999 20.88159 21.50528 22.12897 22.75267 23.37636 24.00005 25.17482 26.42498 27.92417 -9999 -9999 31.88339 32.14703 32.41067 32.67761 33.21395 33.75029 34.28662 34.82296 35.35930 35.96360 -9999 39.00794 -9999 -9999 -9999 -9999 -9999 -9999 -9999 -9999 57.82156 59.75086 60.13982 58.35175 56.37260 54.91660 53.92432 53.69461 54.25714 54.72832 55.46610 55.98529 56.53641 57.43989 58.12323 58.93714 59.99913 60.76835 61.67197 62.32363 63.11859 64.05427 64.93124 65.75690 66.47029 66.95443 67.61536 68.16251 68.49209 69.04239 69.62384 70.58270 71.22090 71.89075 72.92040
-9999 -9999 -9999 -9999 -9999 -9999 -9999 -9999 -9999 -9999 -9999 -9999 -9999 -9999 -9999 -9999 -9999 -9999 -9999 -9999 -9999 35.76263 36.17115 36.43479 36.69843 37.08899 37.62533 38.16166 -9999 -9999 -9999 -9999 -9999 -9999 -9999 -9999 -9999 -9999 -9999 -9999 60.12601 62.56668 63.61774 61.99561 59.68368 58.65997 57.64181 55.86353 55.49996 55.54289 56.03187 56.61579 57.26620 57.81576 58.31775 58.97529 59.80518 60.60729 61.30165 62.05985 62.74183 63.56755 64.47154 65.27363 66.00772 66.63137 67.18318 67.85735 68.68648 69.37948 69.88085 70.41355 70.95142 71.54804
-9999 -9999 -9999 -9999 -9999 -9999 -9999 -9999 -9999 -9999 -9999 -9999 -9999 -9999 -9999 -9999 -9999 -9999 -9999 -9999 -9999 35.47342 36.88456 38.56369 40.19526 40.45891 40.72255 40.98619 -9999 -9999 -9999 -9999 -9999 -9999 -9999 -9999 -9999 -9999 -9999 -9999 -9999 -9999 -9999 65.60181 63.97968 62.35754 61.93827 62.52193 59.81040 58.34586 58.18340 58.39586 58.37625 58.82316 59.23435 59.52158 59.96749 60.71644 61.17279 61.67246 62.22088 62.87671 63.51719 64.39778 65.31842 65.96101 66.62579 67.16117 67.75864 68.37237 69.04364 69.55806 69.80332 70.30486
-9999 -9999 -9999 -9999 -9999 -9999 -9999 -9999 -9999 -9999 -9999 -9999 -9999 -9999 -9999 -9999 -9999 -9999 -9999 -9999 -9999 37.50768 38.13138 38.75507 39.99765 41.36475 43.04388 44.48302 -9999 -9999 -9999 -9999 -9999 -9999 -9999 -9999 -9999 -9999 -9999 -9999 -9999 -9999 -9999 -9999 -9999 -9999 -9999 64.33758 64.92195 64.26811 63.68370 63.30341 61.33463 60.79535 61.05150 60.38471 60.66188 60.84052 61.49955 61.97951 62.58835 62.90087 63.61687 64.08902 64.56029 65.61873 66.45852 67.31060 67.88430 68.36775 69.01515 69.63534 69.73281 70.32115
-9999 -9999 -9999 -9999 -9999 -9999 -9999 -9999 -9999 -9999 -9999 -9999 -9999 -9999 -9999 -9999 -9999 -9999 -9999 -9999 -9999 40.34704 40.97074 41.59443 42.21812 42.84182 43.46551 44.52187 -9999 -9999 -9999 -9999 -9999 -9999 -9999 -9999 -9999 -9999 -9999 -9999 -9999 -9999 -9999 -9999 -9999 -9999 -9999 -9999 -9999 67.92633 65.85200 65.13911 67.14842 64.28972 64.45471 64.59631 69.32147 68.31228 64.57676 63.36290 63.55936 63.97756 64.19304 64.49169 65.02780 65.95596 66.84677 67.77990 68.36489 68.97497 69.66302 70.25531 70.61037 71.09973
-9999 -9999 -9999 -9999 -9999 -9999 -9999 -9999 -9999 -9999 -9999 -9999 -9999 -9999 -9999 -9999 -9999 -9999 -9999 -9999 -9999 43.18641 43.81010 44.43379 45.05749 45.68118 46.30487 46.92857 -9999 -9999 -9999 -9999 -9999 -9999 -9999 -9999 -9999 -9999 -9999 -9999 -9999 -9999 -9999 -9999 -9999 -9999 -9999 -9999 -9999 -9999 -9999 -9999 65.97783 -9999 -9999 -9999 -9999 87.97606 82.32419 75.12668 71.50647 70.64809 70.41855 69.91825 69.06840 68.58563 68.00584 68.92177 69.35255 70.06658 70.72201 71.33497 72.01401 72.83886
-9999 -9999 -9999 -9999 -9999 -9999 -9999 -9999 -9999 -9999 -9999 -9999 -9999 -9999 -9999 -9999 -9999 -9999 -9999 -9999 -9999 46.02577 46.64946 47.27315 47.89685 48.52054 49.14423 49.76793 -9999 -9999 -9999 -9999 -9999 -9999 -9999 -9999 -9999 -9999 -9999 -9999 -9999 -9999 -9999 -9999 -9999 -9999 -9999 -9999 -9999 -9999 -9999 -9999 68.32472 72.09275 -9999 -9999 -9999 90.74697 93.70682 93.81238 92.72148 89.37996 87.08345 82.96892 81.14309 80.46690 77.50959 74.40990 74.61739 74.67468 75.68826 75.78053 77.11488 78.14793
-9999 -9999 -9999 -9999 -9999 -9999 -9999 -9999 -9999 -9999 -9999 -9999 -9999 -9999 -9999 -9999 -9999 -9999 -9999 -9999 -9999 48.86513 49.48882 50.11252 50.73621 51.35990 51.98360 52.60729 -9999 -9999 -9999 -9999 -9999 -9999 -9999 -9999 -9999 -9999 -9999 -9999 -9999 -9999 -9999 -9999 -9999 -9999 -9999 -9999 -9999 -9999 -9999 -9999 74.40424 -9999 -9999 -9999 -9999 -9999 -9999 96.74466 97.97929 99.03736 99.92593 95.77747 93.17004 91.16250 88.07719 84.65796 81.23873 79.71272 79.00980 79.72150 80.91818 81.63099
-9999 -9999 -9999 -9999 -9999 -9999 -9999 -9999 -9999 -9999 -9999 -9999 -9999 -9999 -9999 -9999 -9999 -9999 -9999 -9999 -9999 -9999 -9999 52.95188 53.57557 54.19926 54.82296 55.44665 -9999 -9999 -9999 -9999 -9999 -9999 -9999 -9999 -9999 -9999 -9999 -9999 -9999 -9999 -9999 -9999 -9999 -9999 -9999 -9999 -9999 -9999 -9999 -9999 79.55549 -9999 -9999 -9999 -9999 -9999 -9999 -9999 -9999 -9999 -9999 98.28232 95.32817 91.27496 87.22174 -9999 79.11532 79.04629 79.38774 79.72918 80.07029 80.28327
-9999 -9999 -9999 -9999 -9999 -9999 -9999 -9999 -9999 -9999 -9999 -9999 -9999 -9999 -9999 -9999 -9999 -9999 -9999 -9999 -9999 -9999 -9999 -9999 56.41493 57.03862 57.66232 58.28601 -9999 -9999 -9999 -9999 -9999 -9999 -9999 -9999 -9999 -9999 -9999 -9999 -9999 -9999 -9999 -9999 -9999 -9999 -9999 -9999 -9999 -9999 -9999 -9999 81.65955 -9999 -9999 -9999 -9999 -9999 -9999 -9999 -9999 -9999 -9999 -9999 -9999 -9999 -9999 -9999 -9999 -9999 -9999 -9999 -9999 -9999
-9999 -9999 -9999 -9999 -9999 -9999 -9999 -9999 -9999 -9999 -9999 -9999 -9999 -9999 -9999 -9999 -9999 -9999 -9999 -9999 -9999 -9999 -9999 -9999 -9999 -9999 -9999 -9999 -9999 -9999 -9999 -9999 -9999 -9999 -9999 -9999 -9999 -9999 -9999 -9999 -9999 -9999 -9999 -9999 -9999 -9999 -9999 -9999 -9999 -9999 -9999 -9999 81.56386 -9999 -9999 -9999 -9999 -9999 -9999 -9999 -9999 -9999 -9999 -9999 -9999 -9999 -9999 -9999 -9999 -9999 -9999 -9999 -9999 -9999
-9999 -9999 -9999 -9999 -9999 -9999 -9999 -9999 -9999 -9999 -9999 -9999 -9999 -9999 -9999 -9999 -9999 -9999 -9999 -9999 -9999 -9999 -9999 -9999 -9999 -9999 -9999 -9999 -9999 -9999 -9999 -9999 -9999 -9999 -9999 -9999 -9999 -9999 -9999 -9999 -9999 -9999 -9999 -9999 -9999 -9999 -9999 -9999 -9999 -9999 -9999 -9999 81.59516 -9999 -9999 -9999 -9999 -9999 -9999 -9999 -9999 -9999 -9999 -9999 -9999 -9999 -9999 -9999 -9999 -9999 -9999 -9999 -9999 -9999
-9999 -9999 -9999 -9999 -9999 -9999 -9999 -9999 -9999 -9999 -9999 -9999 -9999 -9999 -9999 -9999 -9999 -9999 -9999 -9999 -9999 -9999 -9999 -9999 -9999 -9999 -9999 -9999 -9999 -9999 -9999 -9999 -9999 -9999 -9999 -9999 -9999 -9999 -9999 -9999 -9999 -9999 -9999 -9999 -9999 -9999 -9999 -9999 -9999 -9999 -9999 -9999 81.88658 82.15070 -9999 -9999 -9999 -9999 -9999 -9999 -9999 -9999 -9999 -9999 -9999 -9999 -9999 -9999 -9999 -9999 -9999 -9999 -9999 -9999
-9999 -9999 -9999 -9999 -9999 -9999 -9999 -9999 -9999 -9999 -9999 -9999 -9999 -9999 -9999 -9999 -9999 -9999 -9999 -9999 -9999 -9999 -9999 -9999 -9999 -9999 -9999 -9999 -9999 -9999 -9999 -9999 -9999 -9999 -9999 -9999 -9999 -9999 -9999 -9999 -9999 -9999 -9999 -9999 -9999 -9999 -9999 -9999 -9999 -9999 -9999 -9999 81.83400 -9999 -9999 -9999 -9999 -9999 -9999 -9999 -9999 -9999 -9999 -9999 -9999 -9999 -9999 -9999 -9999 -9999 -9999 -9999 -9999 -9999
-9999 -9999 -9999 -9999 -9999 -9999 -9999 -9999 -9999 -9999 -9999 -9999 -9999 -9999 -9999 -9999 -9999 -9999 -9999 -9999 -9999 -9999 -9999 -9999 -9999 -9999 -9999 -9999 -9999 -9999 -9999 -9999 -9999 -9999 -9999 -9999 -9999 -9999 -9999 -9999 -9999 -9999 -9999 -9999 -9999 -9999 -9999 -9999 -9999 -9999 -9999 -9999 -9999 -9999 -9999 -9999 -9999 -9999 -9999 -9999 -9999 -9999 -9999 -9999 -9999 -9999 -9999 -9999 -9999 -9999 -9999 -9999 -9999 -9999
