SMSCG data/Percent_time_lt6psu_100mGrid_UTM_NoAction_01_Summer Operation.asc
ncols         302 
nrows         249 
xllcorner     574000.000000 
yllcorner     4208300.000000 
cellsize      100.000000 
NODATA_value  -9999 
[rows 198 to 230 of 249, columns 222 to 295 of 302]
-9999 -9999 -9999 -9999 -9999 -9999 -9999 -9999 -9999 -9999 -9999 -9999 -9999 -9999 -9999 -9999 -9999 -9999 -9999 -9999 -9999 -9999 -9999 -9999 -9999 -9999 -9999 -9999 93.73019 93.95865 92.46727 91.57328 91.91885 92.01571 92.28169 92.40666 92.58211 92.84113 93.10776 93.60536 94.19303 94.74726 94.98384 95.48841 95.82498 96.10813 96.26342 96.47179 96.57831 96.66841 96.73189 96.88941 97.18724 97.43418 97.75754 98.21694 98.43349 98.90479 99.09630 99.00204 99.07760 99.23799 99.29331 99.41551 99.45608 99.54023 99.61051 99.84277 99.94587 100.00000 100.00000 100.00000 100.00000 100.00000
-9999 -9999 -9999 -9999 -9999 -9999 -9999 -9999 -9999 -9999 -9999 -9999 -9999 -9999 -9999 -9999 -9999 -9999 -9999 -9999 -9999 -9999 -9999 -9999 -9999 -9999 92.85079 93.00923 93.09500 91.64959 90.94332 91.08298 91.45585 91.74187 91.93984 92.05511 92.25012 92.64704 93.14904 93.86477 95.08673 95.65636 96.53234 96.77065 97.00486 97.04214 97.06466 97.15714 97.21472 97.20618 97.27542 97.51420 97.58757 97.54555 97.57358 97.77838 98.20427 98.43894 98.55352 -9999 98.93804 99.24011 99.33027 99.43815 99.45241 99.43534 99.51536 99.82614 99.87513 99.94748 100.00000 100.00000 100.00000 100.00000
-9999 -9999 -9999 -9999 -9999 -9999 -9999 -9999 -9999 -9999 -9999 -9999 -9999 -9999 -9999 -9999 -9999 -9999 -9999 -9999 -9999 -9999 -9999 -9999 -9999 92.05538 92.29549 92.08983 90.60984 90.31567 90.57076 90.88664 91.11539 91.53048 91.71903 91.92986 92.25075 92.99200 93.98413 95.62037 96.68387 97.58784 97.14208 97.42657 97.61393 97.66896 97.86685 98.00452 98.01689 97.85695 97.94733 97.99349 97.94851 97.87661 97.67283 97.69735 97.91804 98.20555 98.43317 -9999 -9999 -9999 -9999 -9999 -9999 -9999 99.79097 99.89527 99.93421 99.97283 100.00000 100.00000 100.00000 100.00000
-9999 -9999 -9999 -9999 -9999 -9999 -9999 -9999 -9999 -9999 -9999 -9999 -9999 -9999 -9999 -9999 -9999 -9999 -9999 -9999 -9999 -9999 -9999 -9999 91.40738 91.50226 91.04968 89.83146 89.72456 89.88620 90.27762 90.62832 90.96911 91.35218 91.72346 92.10047 92.69189 93.70135 94.96449 96.44846 97.33351 98.22034 98.20565 98.10386 98.10018 98.03256 98.27524 98.41445 98.46802 98.45891 98.42198 98.42538 98.34213 98.20468 97.99368 97.98002 98.01543 98.24023 98.41848 98.70082 -9999 -9999 -9999 -9999 -9999 -9999 -9999 -9999 -9999 99.99798 99.99898 100.00000 100.00000 100.00000
78.95362 79.38365 -9999 -9999 -9999 -9999 -9999 -9999 -9999 -9999 -9999 -9999 -9999 -9999 -9999 -9999 -9999 -9999 -9999 -9999 -9999 -9999 91.00131 91.02891 90.91339 90.12884 88.97814 89.01910 89.31824 89.70851 90.07545 90.44470 90.93421 91.32626 91.73420 92.45378 93.17410 94.12995 95.61354 96.71494 97.45552 98.19223 98.65000 98.66411 98.59232 98.53360 98.45937 98.58695 98.69116 98.71028 98.63727 98.53255 98.45689 98.36151 98.27706 98.31887 98.33563 98.33018 98.50346 98.78085 -9999 -9999 -9999 -9999 -9999 -9999 -9999 -9999 -9999 -9999 -9999 -9999 100.00000 100.00000
79.34594 79.63052 79.85032 80.11685 80.88739 -9999 -9999 -9999 -9999 -9999 -9999 -9999 -9999 -9999 -9999 -9999 -9999 -9999 -9999 -9999 -9999 90.81561 90.54312 90.50991 89.30616 88.60750 88.45543 88.73800 89.12524 89.64774 90.01470 90.46466 90.93581 91.29505 91.86785 92.74777 93.63496 94.63787 95.98940 96.88116 97.40067 98.16590 98.53307 98.63410 98.82726 98.88140 98.70092 98.70445 98.78226 98.88076 98.90290 98.81470 98.69677 98.55698 98.51230 98.50305 98.51993 98.49210 98.63613 98.93805 99.20374 -9999 -9999 -9999 -9999 -9999 -9999 -9999 -9999 -9999 -9999 -9999 -9999 100.00000
-9999 -9999 80.54541 80.59721 80.64902 81.38331 -9999 -9999 -9999 -9999 -9999 -9999 -9999 -9999 -9999 -9999 -9999 -9999 -9999 -9999 91.40834 90.47123 89.72402 88.40153 87.82160 87.68629 88.34193 88.75338 89.17479 89.60895 89.99148 90.52576 90.88054 91.28967 92.14972 93.02678 94.03505 95.22955 96.23627 96.90912 97.44235 97.99217 98.39052 99.63183 99.51342 99.21527 98.94826 98.85447 98.95413 99.00073 99.08721 99.04643 98.98051 98.82894 98.71096 98.61999 98.60693 98.64861 98.69002 99.14094 99.40437 99.57240 -9999 -9999 -9999 -9999 -9999 -9999 -9999 -9999 -9999 -9999 -9999 -9999
-9999 -9999 -9999 -9999 81.37763 81.23920 81.89783 -9999 -9999 -9999 -9999 -9999 -9999 -9999 -9999 -9999 -9999 -9999 -9999 92.00107 90.72760 88.70155 87.26244 86.98944 87.03806 87.72746 88.28598 88.67872 89.07071 89.51811 90.01098 90.44493 90.87734 91.56385 92.38498 93.29554 94.60631 95.67376 96.41089 97.04837 97.58866 98.11096 99.12366 99.68606 99.52374 99.29036 99.06214 99.05369 99.05402 99.10190 99.17883 99.23206 99.22882 99.10683 98.98242 98.79529 98.76564 98.73595 98.81890 99.22481 99.59290 99.70601 -9999 -9999 -9999 -9999 -9999 -9999 -9999 -9999 -9999 -9999 -9999 -9999
-9999 -9999 -9999 -9999 -9999 82.03868 81.76867 82.33182 -9999 -9999 -9999 -9999 -9999 -9999 -9999 90.91724 91.65121 92.38519 91.96330 89.19015 87.35737 86.29011 86.05453 86.38003 86.99610 87.84096 88.39961 88.78775 89.08279 89.52452 89.76902 90.30526 90.87717 91.98046 92.99908 93.98840 95.00696 95.90728 96.79710 97.34197 97.98289 98.80462 99.44163 99.44893 99.35898 99.13623 99.18423 99.24595 99.17894 99.21537 99.37541 99.42077 99.48959 99.31462 99.21454 99.06838 98.95850 98.96993 99.01674 99.24392 99.71467 99.81445 -9999 -9999 -9999 -9999 -9999 -9999 -9999 -9999 -9999 -9999 -9999 -9999
-9999 -9999 -9999 -9999 -9999 -9999 82.80948 82.15118 82.82529 -9999 -9999 -9999 88.84908 89.89280 90.93652 92.03773 90.74832 88.78302 87.63010 85.88620 85.31676 85.14387 85.81887 86.47241 87.07150 87.67509 88.22500 88.64226 88.90829 89.17932 89.66605 90.48958 91.75126 92.90525 93.98861 94.93049 95.83312 96.60588 97.48933 98.13342 98.60976 99.06777 99.55883 99.16281 99.09752 99.01394 99.57407 99.48068 99.34207 99.37732 99.49485 99.58429 99.71469 99.55628 99.39518 99.23392 99.14655 99.09888 99.12862 99.24858 99.82935 99.91679 -9999 -9999 -9999 -9999 -9999 -9999 -9999 -9999 -9999 -9999 -9999 -9999
-9999 -9999 -9999 -9999 -9999 -9999 -9999 83.26305 84.91365 84.02444 85.83972 87.65037 89.46101 91.26571 89.65133 87.36043 85.94175 85.13323 84.74673 84.66060 84.77422 85.33496 85.88529 86.43794 87.13325 87.77487 88.08647 88.28604 88.43833 89.11810 90.03856 91.49643 93.13049 94.39841 95.01234 95.87083 96.77822 97.38998 98.21164 98.75565 99.10137 99.54991 99.55600 99.20673 99.21291 99.26961 99.54448 99.80334 99.61792 99.51749 99.54158 99.66345 99.82394 99.76520 99.53028 99.39933 99.35971 99.30135 99.29573 99.37354 99.89043 99.97890 -9999 -9999 -9999 -9999 -9999 -9999 -9999 -9999 -9999 -9999 -9999 -9999
-9999 -9999 -9999 -9999 -9999 -9999 -9999 84.53106 89.67462 85.22890 86.77267 87.23477 86.97724 85.15199 84.82390 83.85099 83.51599 83.87725 83.86133 84.29767 84.82936 85.29648 85.87342 86.56252 87.23481 87.61748 87.75779 87.98455 88.41977 89.58873 91.10542 92.98226 94.24565 95.00048 95.71109 96.54533 97.31847 98.12984 98.75145 99.34701 99.39779 -9999 -9999 -9999 -9999 -9999 -9999 99.77215 99.89555 99.63511 99.66830 99.80281 99.93237 99.92216 99.78399 99.68079 99.51663 99.45314 99.47982 99.54386 99.93729 100.00000 -9999 -9999 -9999 -9999 -9999 -9999 -9999 -9999 -9999 -9999 -9999 -9999
-9999 -9999 -9999 -9999 -9999 -9999 85.92796 85.79907 86.31466 84.76945 84.19892 83.47542 83.04539 82.66999 82.67127 82.88724 83.14595 83.49539 83.84685 84.19556 84.72347 85.26986 85.93060 86.61341 87.11576 87.07459 87.40457 87.90558 89.18156 90.73882 92.70783 93.98281 94.66368 95.34680 95.99199 96.63883 97.40063 98.34519 99.21071 99.70182 99.72643 99.87562 -9999 -9999 -9999 -9999 -9999 99.97211 99.99137 99.75711 99.80753 99.97017 100.00000 99.99196 99.90328 99.84948 99.71916 99.66730 99.69197 99.70333 99.95632 100.00000 -9999 -9999 -9999 -9999 -9999 -9999 -9999 -9999 -9999 -9999 -9999 -9999
84.20386 84.64455 85.52140 86.12827 86.59000 85.83082 81.99080 81.48874 81.41721 81.61089 81.52957 81.47446 81.58840 81.82798 82.07335 82.51343 82.74499 83.30311 83.70331 84.10515 84.64144 85.33803 85.96996 86.29421 86.42627 86.96733 87.63615 88.74412 90.52114 92.38126 93.39577 94.24267 94.91205 95.58260 96.16562 97.00452 97.84280 98.49236 99.43720 99.86768 99.93496 99.90568 99.94813 -9999 -9999 -9999 -9999 -9999 100.00000 99.91921 99.92439 99.98528 100.00000 100.00000 99.98688 99.93422 99.86387 99.85363 99.87806 99.93482 99.98953 100.00000 -9999 -9999 -9999 -9999 -9999 -9999 -9999 -9999 -9999 -9999 -9999 -9999
84.24390 84.08372 83.80825 82.30309 79.91337 79.54010 79.52297 79.78224 79.98982 80.35064 80.59084 80.79917 81.12589 81.45412 81.84558 82.31387 82.61666 83.12547 83.57074 84.04211 84.61218 85.21972 85.55530 85.98704 86.54626 87.33024 88.22591 90.14959 92.01878 93.19564 93.95264 94.59147 95.24213 96.06369 96.86771 97.69730 98.45897 98.94054 99.36208 99.97184 100.00000 100.00000 100.00000 -9999 -9999 -9999 -9999 -9999 100.00000 99.97880 99.97691 100.00000 100.00000 100.00000 99.99452 99.99081 99.97785 99.97095 99.97932 100.00000 100.00000 100.00000 -9999 -9999 -9999 -9999 -9999 -9999 -9999 -9999 -9999 -9999 -9999 -9999
76.02272 76.53101 76.79683 77.17624 77.86437 78.46025 78.92337 79.28739 79.58808 79.91953 80.28751 80.61820 81.00948 81.34409 81.67982 82.08157 82.41276 82.89891 83.53006 84.02708 84.32985 84.69344 85.35969 86.16505 87.01505 88.20679 89.91639 91.42974 92.71463 93.74592 94.57668 95.41890 96.30102 97.14726 97.78674 98.32921 98.69165 99.07302 99.45669 99.87590 99.92441 100.00000 -9999 -9999 -9999 -9999 -9999 -9999 100.00000 100.00000 100.00000 100.00000 100.00000 100.00000 100.00000 100.00000 100.00000 100.00000 100.00000 100.00000 100.00000 100.00000 -9999 -9999 -9999 -9999 -9999 -9999 -9999 -9999 -9999 -9999 -9999 -9999
75.12834 75.58147 76.21354 76.78451 77.21984 77.71072 78.21936 78.65140 78.94063 79.49686 79.87861 80.43452 80.91011 81.21635 81.53405 81.87534 82.24317 82.90438 83.35983 83.65606 84.21874 84.83346 85.86305 86.86494 88.14847 89.71740 91.04537 92.34947 93.37684 94.42204 95.41450 96.51815 97.56424 98.13149 98.54062 98.65602 98.99424 99.07154 99.31404 99.78215 -9999 -9999 -9999 -9999 -9999 -9999 -9999 -9999 100.00000 100.00000 100.00000 100.00000 100.00000 100.00000 100.00000 100.00000 100.00000 100.00000 100.00000 100.00000 100.00000 100.00000 -9999 -9999 -9999 100.00000 100.00000 -9999 -9999 -9999 -9999 -9999 -9999 -9999
74.40700 75.04004 75.58355 76.09645 76.57706 77.01278 77.52305 78.01649 78.51873 79.13688 79.67271 79.78854 80.31352 80.43850 81.04861 81.48341 82.04371 82.68880 83.07502 83.48840 84.34012 85.66927 86.93827 88.03890 89.47957 90.74311 91.99203 93.09698 94.13817 95.22233 96.26852 97.36156 98.17596 98.45857 98.76726 99.07292 99.25425 99.21876 99.25681 99.49579 99.69424 -9999 -9999 -9999 -9999 -9999 -9999 -9999 100.00000 100.00000 100.00000 100.00000 100.00000 100.00000 100.00000 100.00000 100.00000 100.00000 100.00000 100.00000 100.00000 100.00000 -9999 -9999 -9999 100.00000 100.00000 -9999 -9999 -9999 -9999 -9999 -9999 -9999
73.71744 74.36813 75.04358 75.65251 75.99028 76.38455 76.88552 77.67758 78.37746 78.80910 79.11801 79.42974 79.59187 80.12862 80.55991 81.09358 81.95203 82.90899 83.71998 84.20916 85.56229 86.61736 87.75256 89.07510 90.53353 91.81528 92.95188 93.92374 94.89747 95.96963 96.83966 97.82899 98.19153 98.60821 99.02734 99.27850 99.12512 99.21360 99.33646 99.45932 99.67499 99.93864 -9999 -9999 -9999 -9999 -9999 -9999 -9999 100.00000 100.00000 100.00000 100.00000 100.00000 100.00000 100.00000 100.00000 100.00000 100.00000 100.00000 100.00000 100.00000 -9999 -9999 -9999 100.00000 -9999 -9999 -9999 100.00000 -9999 -9999 -9999 100.00000
72.11477 72.80574 73.36858 73.91515 74.43734 75.18366 75.87944 76.57868 77.21291 77.56304 77.91133 78.99393 79.46099 81.25097 81.73202 82.09779 82.90379 83.80315 84.34786 85.12383 86.56939 87.54788 88.77455 90.05185 91.47432 92.68510 93.83819 94.70280 95.68995 96.69525 97.30174 97.76013 98.21807 98.67074 98.94458 99.21415 99.35523 -9999 -9999 99.54015 99.59029 99.85367 100.00000 100.00000 -9999 -9999 -9999 -9999 -9999 100.00000 100.00000 100.00000 100.00000 100.00000 100.00000 100.00000 100.00000 100.00000 100.00000 100.00000 100.00000 100.00000 100.00000 -9999 100.00000 100.00000 100.00000 100.00000 -9999 100.00000 100.00000 100.00000 100.00000 100.00000
70.82804 71.61124 72.43441 73.07319 73.82520 74.64741 75.21681 76.01221 76.98619 77.45008 78.69438 80.05905 81.20989 82.60514 83.11192 83.57219 84.02257 84.56770 85.16774 86.57042 87.76118 89.22304 90.10193 91.25920 92.15688 93.25347 94.34544 95.54010 96.50602 96.97795 97.43062 -9999 -9999 -9999 -9999 -9999 -9999 -9999 -9999 -9999 99.72918 99.84843 99.95802 100.00000 100.00000 -9999 -9999 -9999 -9999 -9999 100.00000 100.00000 100.00000 100.00000 100.00000 100.00000 100.00000 100.00000 100.00000 100.00000 100.00000 100.00000 100.00000 -9999 -9999 100.00000 100.00000 100.00000 -9999 100.00000 100.00000 100.00000 100.00000 100.00000
71.11890 72.15483 73.09225 73.70468 74.59240 75.76383 76.91947 78.21000 78.91440 80.27823 81.48235 82.53586 83.31190 82.68915 83.83056 84.37873 84.73548 85.44014 86.45625 87.80903 89.30586 90.21784 91.13941 91.95338 93.11296 94.08857 94.69492 95.93516 96.64371 -9999 -9999 -9999 -9999 -9999 -9999 -9999 -9999 -9999 -9999 -9999 -9999 99.68804 99.86699 100.00000 100.00000 100.00000 -9999 -9999 -9999 -9999 100.00000 100.00000 100.00000 100.00000 100.00000 100.00000 100.00000 100.00000 100.00000 100.00000 100.00000 100.00000 100.00000 -9999 -9999 -9999 100.00000 100.00000 100.00000 100.00000 100.00000 100.00000 100.00000 100.00000
71.99414 73.11283 74.33224 75.07593 76.45971 78.03513 78.80569 80.40572 81.67644 82.80944 84.24048 84.76289 86.01325 86.96810 85.72204 84.98213 85.14040 85.38031 86.67069 88.15506 89.94294 90.96682 91.90214 92.98033 93.87583 94.39113 95.22858 -9999 -9999 -9999 -9999 -9999 -9999 -9999 -9999 -9999 -9999 -9999 -9999 -9999 -9999 -9999 -9999 99.92952 100.00000 100.00000 100.00000 -9999 -9999 -9999 100.00000 100.00000 100.00000 100.00000 100.00000 100.00000 100.00000 100.00000 100.00000 100.00000 100.00000 100.00000 100.00000 100.00000 100.00000 100.00000 100.00000 100.00000 100.00000 100.00000 100.00000 100.00000 100.00000 100.00000
74.11779 75.35064 76.66973 77.97976 79.56502 81.02230 82.32544 84.17433 84.45794 86.06217 87.01929 87.56842 87.85839 88.59260 89.13418 86.88491 85.83480 85.87472 86.34112 87.46572 90.12694 91.61732 92.97339 93.83984 94.39259 94.90790 -9999 -9999 -9999 -9999 -9999 -9999 -9999 -9999 -9999 -9999 -9999 -9999 -9999 -9999 -9999 -9999 -9999 99.80811 99.97766 100.00000 100.00000 -9999 -9999 -9999 100.00000 100.00000 100.00000 100.00000 100.00000 100.00000 100.00000 100.00000 100.00000 100.00000 100.00000 100.00000 100.00000 100.00000 100.00000 100.00000 100.00000 100.00000 100.00000 100.00000 100.00000 100.00000 100.00000 100.00000
79.15578 80.28892 81.36371 82.52516 83.62611 85.17925 86.48190 87.27666 87.57963 87.76933 87.96237 88.17264 88.15216 -9999 -9999 90.49773 86.80524 86.76202 87.17559 87.35392 88.91442 92.42924 93.55492 -9999 -9999 -9999 -9999 -9999 -9999 -9999 -9999 -9999 -9999 -9999 -9999 -9999 -9999 -9999 -9999 -9999 -9999 -9999 -9999 -9999 99.85625 100.00000 100.00000 -9999 -9999 -9999 -9999 100.00000 100.00000 100.00000 100.00000 100.00000 100.00000 100.00000 100.00000 100.00000 100.00000 100.00000 100.00000 100.00000 100.00000 100.00000 100.00000 100.00000 100.00000 100.00000 100.00000 100.00000 100.00000 100.00000
81.48097 81.48141 83.14810 84.26491 85.07599 85.90987 86.60441 87.15990 -9999 -9999 -9999 -9999 -9999 -9999 -9999 -9999 90.41466 87.39791 87.83670 87.24392 89.95802 93.02455 93.97020 -9999 -9999 -9999 -9999 -9999 -9999 -9999 -9999 -9999 -9999 -9999 -9999 -9999 -9999 -9999 -9999 -9999 -9999 -9999 -9999 -9999 99.74979 99.98851 100.00000 100.00000 -9999 -9999 -9999 100.00000 100.00000 100.00000 100.00000 100.00000 100.00000 100.00000 100.00000 100.00000 100.00000 100.00000 100.00000 100.00000 100.00000 100.00000 100.00000 100.00000 100.00000 100.00000 100.00000 100.00000 100.00000 100.00000
80.49624 80.70922 80.82926 80.82686 82.07096 -9999 -9999 -9999 -9999 -9999 -9999 -9999 -9999 -9999 -9999 -9999 90.34729 88.48374 88.26520 88.55605 91.31595 93.59026 -9999 -9999 -9999 -9999 -9999 -9999 -9999 -9999 -9999 -9999 -9999 -9999 -9999 -9999 -9999 -9999 -9999 -9999 -9999 -9999 -9999 -9999 -9999 99.95980 100.00000 100.00000 -9999 -9999 -9999 100.00000 100.00000 100.00000 100.00000 100.00000 100.00000 100.00000 100.00000 100.00000 100.00000 100.00000 100.00000 100.00000 100.00000 100.00000 100.00000 100.00000 100.00000 100.00000 100.00000 100.00000 100.00000 100.00000
-9999 -9999 -9999 -9999 -9999 -9999 -9999 -9999 -9999 -9999 -9999 -9999 -9999 -9999 -9999 -9999 89.84381 90.04599 88.97447 89.36656 91.25399 94.46806 94.80077 -9999 -9999 -9999 -9999 -9999 -9999 -9999 -9999 -9999 -9999 -9999 -9999 -9999 -9999 -9999 -9999 -9999 -9999 -9999 -9999 -9999 -9999 99.93738 100.00000 100.00000 -9999 -9999 -9999 -9999 100.00000 100.00000 100.00000 100.00000 100.00000 100.00000 100.00000 100.00000 100.00000 100.00000 100.00000 100.00000 100.00000 100.00000 100.00000 100.00000 100.00000 100.00000 100.00000 100.00000 100.00000 100.00000
-9999 -9999 -9999 -9999 -9999 -9999 -9999 -9999 -9999 -9999 -9999 -9999 -9999 -9999 -9999 -9999 -9999 90.50576 90.36288 89.41181 89.95768 91.22281 94.88593 96.08226 96.94788 97.15110 -9999 -9999 -9999 -9999 -9999 -9999 -9999 -9999 -9999 -9999 -9999 -9999 -9999 -9999 -9999 -9999 -9999 -9999 -9999 99.91817 100.00000 100.00000 -9999 -9999 -9999 -9999 100.00000 100.00000 100.00000 100.00000 100.00000 100.00000 100.00000 100.00000 100.00000 100.00000 100.00000 100.00000 100.00000 100.00000 100.00000 100.00000 100.00000 100.00000 100.00000 100.00000 100.00000 100.00000
-9999 -9999 -9999 -9999 -9999 -9999 -9999 -9999 -9999 -9999 -9999 -9999 -9999 -9999 -9999 -9999 -9999 -9999 91.26403 91.12174 89.81843 90.26003 91.09332 93.35531 96.49750 97.46183 -9999 -9999 -9999 -9999 -9999 -9999 -9999 -9999 -9999 -9999 -9999 -9999 -9999 -9999 -9999 -9999 -9999 -9999 -9999 99.89573 100.00000 100.00000 100.00000 -9999 -9999 -9999 -9999 100.00000 100.00000 100.00000 100.00000 100.00000 100.00000 100.00000 100.00000 100.00000 100.00000 100.00000 100.00000 100.00000 100.00000 100.00000 100.00000 100.00000 100.00000 100.00000 100.00000 100.00000
-9999 -9999 -9999 -9999 -9999 -9999 -9999 -9999 -9999 -9999 -9999 -9999 -9999 -9999 -9999 -9999 -9999 -9999 -9999 91.46594 92.16953 90.57585 90.83557 91.28089 92.30530 94.30565 97.71447 97.58103 -9999 -9999 -9999 -9999 -9999 -9999 -9999 -9999 -9999 -9999 -9999 -9999 -9999 -9999 -9999 -9999 -9999 -9999 100.00000 100.00000 100.00000 100.00000 -9999 -9999 -9999 -9999 100.00000 100.00000 100.00000 100.00000 100.00000 100.00000 100.00000 100.00000 100.00000 100.00000 100.00000 100.00000 100.00000 100.00000 100.00000 100.00000 100.00000 100.00000 100.00000 100.00000
-9999 -9999 -9999 -9999 -9999 -9999 -9999 -9999 -9999 -9999 -9999 -9999 -9999 -9999 -9999 -9999 -9999 -9999 -9999 -9999 92.21831 92.46811 92.63318 91.40446 91.88450 92.25126 92.98545 94.43488 98.00537 98.27497 -9999 -9999 -9999 -9999 -9999 -9999 -9999 -9999 -9999 -9999 -9999 -9999 -9999 -9999 -9999 99.94077 100.00000 100.00000 100.00000 100.00000 -9999 -9999 -9999 -9999 100.00000 100.00000 100.00000 100.00000 100.00000 100.00000 100.00000 100.00000 100.00000 100.00000 100.00000 100.00000 100.00000 100.00000 100.00000 100.00000 100.00000 100.00000 100.00000 100.00000
-9999 -9999 -9999 -9999 -9999 -9999 -9999 -9999 -9999 -9999 -9999 -9999 -9999 -9999 -9999 -9999 -9999 -9999 -9999 -9999 -9999 -9999 -9999 92.89689 93.07357 92.52939 92.77138 93.21405 93.60210 94.84795 97.58860 97.11261 -9999 -9999 -9999 -9999 -9999 -9999 -9999 -9999 -9999 -9999 99.39431 99.65304 99.83464 100.00000 100.00000 100.00000 100.00000 -9999 -9999 -9999 -9999 -9999 100.00000 100.00000 100.00000 100.00000 100.00000 100.00000 100.00000 100.00000 100.00000 100.00000 100.00000 100.00000 100.00000 100.00000 100.00000 100.00000 100.00000 100.00000 100.00000 100.00000
