SMSCG data/Percent_time_lt6psu_100mGrid_UTM_NoAction_01_Summer Operation.asc
ncols         302 
nrows         249 
xllcorner     574000.000000 
yllcorner     4208300.000000 
cellsize      100.000000 
NODATA_value  -9999 
[rows 165 to 197 of 249, columns 148 to 221 of 302]
-9999 -9999 -9999 -9999 -9999 -9999 -9999 -9999 -9999 -9999 -9999 -9999 -9999 -9999 -9999 -9999 -9999 -9999 -9999 -9999 -9999 -9999 -9999 -9999 -9999 -9999 -9999 -9999 -9999 -9999 -9999 -9999 -9999 -9999 -9999 -9999 -9999 -9999 -9999 -9999 -9999 -9999 -9999 -9999 -9999 -9999 -9999 -9999 -9999 -9999 -9999 -9999 -9999 -9999 -9999 -9999 -9999 -9999 -9999 -9999 -9999 -9999 -9999 -9999 -9999 -9999 -9999 -9999 -9999 -9999 -9999 -9999 -9999 -9999
-9999 -9999 -9999 -9999 -9999 -9999 -9999 -9999 -9999 -9999 -9999 -9999 -9999 -9999 -9999 -9999 -9999 -9999 -9999 -9999 -9999 -9999 -9999 -9999 -9999 -9999 -9999 -9999 -9999 -9999 -9999 -9999 -9999 -9999 -9999 -9999 -9999 -9999 -9999 -9999 -9999 -9999 -9999 -9999 -9999 -9999 -9999 -9999 -9999 -9999 -9999 -9999 -9999 -9999 -9999 -9999 -9999 -9999 -9999 -9999 -9999 -9999 -9999 -9999 -9999 -9999 -9999 -9999 -9999 -9999 -9999 -9999 -9999 -9999
-9999 -9999 -9999 -9999 -9999 -9999 -9999 -9999 -9999 -9999 -9999 -9999 -9999 -9999 -9999 -9999 -9999 -9999 -9999 -9999 -9999 -9999 -9999 -9999 -9999 -9999 -9999 -9999 -9999 -9999 -9999 -9999 -9999 -9999 -9999 -9999 -9999 -9999 -9999 -9999 -9999 -9999 -9999 -9999 -9999 -9999 -9999 -9999 -9999 -9999 -9999 -9999 -9999 -9999 -9999 -9999 -9999 -9999 -9999 -9999 -9999 -9999 -9999 -9999 -9999 -9999 -9999 -9999 -9999 -9999 -9999 -9999 -9999 -9999
-9999 -9999 -9999 -9999 -9999 -9999 -9999 -9999 -9999 -9999 -9999 -9999 -9999 -9999 -9999 -9999 -9999 -9999 -9999 -9999 -9999 -9999 -9999 -9999 -9999 -9999 -9999 -9999 -9999 -9999 -9999 -9999 -9999 -9999 -9999 -9999 -9999 -9999 -9999 -9999 -9999 -9999 -9999 -9999 -9999 -9999 -9999 -9999 -9999 -9999 -9999 -9999 -9999 -9999 -9999 -9999 -9999 -9999 -9999 -9999 -9999 -9999 -9999 -9999 -9999 -9999 -9999 -9999 -9999 -9999 -9999 -9999 -9999 -9999
-9999 -9999 -9999 -9999 -9999 -9999 -9999 -9999 -9999 -9999 -9999 -9999 -9999 -9999 -9999 -9999 -9999 -9999 -9999 -9999 -9999 -9999 -9999 -9999 -9999 -9999 -9999 -9999 -9999 -9999 -9999 -9999 -9999 -9999 -9999 -9999 -9999 -9999 -9999 -9999 -9999 -9999 -9999 -9999 -9999 -9999 -9999 -9999 -9999 -9999 -9999 -9999 -9999 -9999 -9999 -9999 -9999 -9999 -9999 -9999 -9999 -9999 -9999 -9999 -9999 -9999 -9999 -9999 -9999 -9999 -9999 -9999 -9999 -9999
-9999 -9999 -9999 -9999 -9999 -9999 -9999 -9999 -9999 -9999 -9999 -9999 -9999 -9999 -9999 -9999 -9999 -9999 -9999 -9999 -9999 -9999 -9999 -9999 -9999 -9999 -9999 -9999 -9999 -9999 -9999 -9999 -9999 -9999 -9999 -9999 -9999 -9999 -9999 -9999 -9999 -9999 -9999 -9999 -9999 -9999 -9999 -9999 -9999 -9999 -9999 -9999 -9999 -9999 -9999 -9999 -9999 -9999 -9999 -9999 -9999 -9999 -9999 -9999 -9999 -9999 -9999 -9999 -9999 -9999 -9999 -9999 -9999 -9999
-9999 -9999 -9999 -9999 -9999 -9999 -9999 -9999 -9999 -9999 -9999 -9999 -9999 -9999 -9999 -9999 -9999 -9999 -9999 -9999 -9999 -9999 -9999 -9999 -9999 -9999 -9999 -9999 -9999 -9999 -9999 -9999 -9999 -9999 -9999 -9999 -9999 -9999 -9999 -9999 -9999 -9999 -9999 -9999 -9999 -9999 -9999 -9999 -9999 -9999 -9999 -9999 -9999 -9999 -9999 -9999 -9999 -9999 -9999 -9999 -9999 -9999 -9999 -9999 -9999 -9999 -9999 -9999 -9999 -9999 -9999 -9999 -9999 -9999
-9999 -9999 -9999 -9999 -9999 -9999 -9999 -9999 -9999 -9999 -9999 -9999 -9999 -9999 -9999 -9999 -9999 -9999 -9999 -9999 -9999 -9999 -9999 -9999 -9999 -9999 -9999 -9999 -9999 -9999 -9999 -9999 -9999 -9999 -9999 -9999 -9999 -9999 -9999 -9999 -9999 -9999 -9999 -9999 -9999 -9999 -9999 -9999 -9999 -9999 -9999 -9999 -9999 -9999 -9999 -9999 -9999 -9999 -9999 -9999 -9999 -9999 -9999 -9999 -9999 -9999 -9999 -9999 -9999 -9999 -9999 -9999 -9999 -9999
14.07100 13.71218 -9999 -9999 -9999 -9999 -9999 -9999 -9999 -9999 -9999 -9999 -9999 -9999 -9999 -9999 -9999 -9999 -9999 -9999 -9999 -9999 -9999 -9999 -9999 -9999 -9999 -9999 -9999 -9999 -9999 -9999 -9999 -9999 -9999 -9999 -9999 -9999 -9999 -9999 -9999 -9999 -9999 -9999 -9999 -9999 -9999 -9999 -9999 -9999 -9999 -9999 -9999 -9999 -9999 -9999 -9999 -9999 -9999 -9999 -9999 -9999 -9999 -9999 -9999 -9999 -9999 -9999 -9999 -9999 -9999 -9999 -9999 -9999
12.35879 14.21546 18.68194 -9999 -9999 -9999 -9999 -9999 -9999 -9999 -9999 -9999 -9999 -9999 -9999 -9999 -9999 -9999 -9999 -9999 -9999 -9999 -9999 -9999 -9999 -9999 -9999 -9999 -9999 -9999 98.35658 98.52972 -9999 -9999 -9999 -9999 -9999 -9999 -9999 -9999 -9999 -9999 -9999 -9999 -9999 -9999 -9999 -9999 -9999 -9999 -9999 -9999 -9999 -9999 -9999 -9999 -9999 -9999 -9999 -9999 -9999 -9999 -9999 -9999 -9999 -9999 -9999 -9999 -9999 -9999 -9999 -9999 -9999 -9999
9.05553 11.03708 15.69111 26.70560 -9999 -9999 -9999 -9999 -9999 -9999 -9999 -9999 -9999 -9999 -9999 -9999 -9999 -9999 -9999 -9999 -9999 -9999 -9999 -9999 -9999 -9999 -9999 -9999 -9999 -9999 96.49125 97.49031 -9999 -9999 -9999 -9999 -9999 -9999 -9999 -9999 -9999 -9999 -9999 -9999 -9999 -9999 -9999 -9999 -9999 -9999 -9999 -9999 -9999 -9999 -9999 -9999 -9999 -9999 67.53689 67.59113 -9999 -9999 -9999 69.51559 69.79456 69.90828 -9999 -9999 -9999 -9999 -9999 -9999 -9999 -9999
12.40957 11.69984 12.37189 17.26823 30.73213 -9999 -9999 -9999 -9999 -9999 -9999 -9999 -9999 -9999 -9999 -9999 -9999 -9999 -9999 -9999 -9999 -9999 -9999 -9999 -9999 -9999 -9999 -9999 -9999 88.11154 97.83921 -9999 -9999 -9999 -9999 -9999 -9999 -9999 -9999 -9999 -9999 -9999 -9999 -9999 -9999 -9999 -9999 -9999 -9999 -9999 -9999 -9999 -9999 -9999 -9999 -9999 -9999 -9999 -9999 69.24338 69.34129 69.48058 69.77434 69.98316 70.01028 69.63746 69.57567 69.17215 -9999 -9999 -9999 -9999 -9999 -9999
13.29311 13.62537 12.10737 15.29586 27.52673 -9999 -9999 -9999 -9999 69.69994 -9999 -9999 -9999 -9999 -9999 -9999 -9999 -9999 -9999 -9999 -9999 -9999 -9999 -9999 -9999 -9999 -9999 -9999 -9999 93.51506 95.48740 -9999 -9999 -9999 -9999 -9999 -9999 -9999 -9999 -9999 -9999 -9999 -9999 -9999 -9999 -9999 -9999 -9999 -9999 -9999 73.65380 70.46171 -9999 -9999 -9999 -9999 70.59556 70.49904 70.04936 69.89107 69.67858 69.69116 69.49046 68.89247 68.77698 68.79613 68.74290 68.68428 -9999 -9999 -9999 -9999 -9999 -9999
14.37875 14.30646 13.58513 13.98746 17.57601 51.94814 79.95129 91.53528 81.54982 69.78262 -9999 -9999 -9999 -9999 -9999 -9999 -9999 -9999 -9999 72.38626 72.66291 72.93957 -9999 -9999 -9999 -9999 -9999 -9999 75.66352 98.83991 -9999 -9999 -9999 -9999 -9999 -9999 -9999 -9999 -9999 -9999 -9999 88.39732 94.59700 99.62306 96.49351 93.36395 90.23440 85.33853 80.17409 75.00965 71.41097 71.39784 71.39343 71.34717 71.28185 71.08880 70.67787 70.23708 69.80192 69.47310 69.27305 69.00489 68.48801 67.93316 67.45909 67.36802 68.06740 68.07995 67.64008 -9999 -9999 -9999 -9999 -9999
16.46883 15.73087 15.00974 12.99418 17.11665 54.19754 89.04577 77.97522 41.06370 62.38113 -9999 -9999 -9999 -9999 -9999 -9999 -9999 -9999 -9999 65.23124 65.50789 65.78455 66.06121 66.33786 66.61452 66.89117 62.97242 63.77310 82.90417 96.02100 -9999 -9999 -9999 74.70140 71.80295 -9999 -9999 -9999 -9999 -9999 72.50280 72.62622 79.74271 74.31899 79.01526 71.27590 73.77249 72.50761 71.04159 71.09091 71.16367 71.11381 71.02028 70.99225 70.88197 70.71651 70.37255 69.90286 69.01684 68.63499 67.85392 67.48479 66.97763 66.36384 65.86175 65.97494 66.82452 67.28989 67.69434 -9999 -9999 -9999 -9999 -9999
17.77092 17.32960 16.94706 15.41073 12.90301 27.74350 51.26132 44.77381 33.78302 53.32873 57.51073 -9999 -9999 -9999 -9999 -9999 -9999 -9999 -9999 60.37805 60.18334 59.98863 59.79393 59.59922 59.45950 58.14000 57.99764 59.92415 73.83420 -9999 -9999 -9999 -9999 71.02504 67.47503 68.45910 -9999 -9999 67.66515 65.89151 64.41893 67.46395 69.71880 70.00507 70.10801 70.47760 70.72886 71.51843 70.76147 70.68825 70.78615 70.79664 70.68485 70.52209 70.42425 70.09967 69.74951 68.69715 67.55457 66.89198 66.24636 65.64945 65.21927 64.83725 64.47344 64.78433 65.41591 66.23052 67.41665 69.02460 -9999 -9999 -9999 -9999
19.64945 19.67456 18.74364 18.14604 16.58088 13.94063 20.45377 25.70241 30.26468 41.14617 48.45833 -9999 -9999 -9999 -9999 -9999 -9999 -9999 -9999 56.64929 56.45459 56.25988 56.06517 55.69744 52.99668 54.80222 55.76160 57.75299 64.76423 -9999 -9999 -9999 70.53790 66.95095 67.49956 68.09139 68.44672 67.58679 66.72685 65.86692 65.82252 67.07617 68.49153 68.85263 69.19462 69.72614 70.12935 70.19966 70.12566 70.09261 69.98033 70.02568 69.93107 69.96737 69.92292 69.38017 68.58552 67.45060 66.53790 65.87025 64.95001 64.22563 63.85626 63.55023 63.41889 63.77797 64.27350 65.14343 66.10926 69.09190 70.35486 -9999 -9999 -9999
21.78221 22.03334 22.24916 22.89384 22.20288 18.26575 16.34523 18.84149 24.10048 30.45312 39.40593 -9999 -9999 -9999 -9999 -9999 -9999 -9999 53.11525 52.92054 52.72583 52.53113 50.68583 49.37003 49.91462 51.40818 53.51755 55.60651 57.70704 -9999 -9999 62.75183 61.32478 62.14922 65.30573 65.32999 65.38570 66.26125 66.79835 66.80327 66.93296 67.22979 67.55168 67.70434 68.10468 68.54547 68.82809 69.02759 69.27202 69.42312 69.49674 69.51281 69.49423 69.41414 69.03703 68.26962 67.15202 66.40480 65.78114 65.22749 63.74173 62.96346 62.79429 62.90027 63.03767 63.59679 64.72807 65.24335 65.38324 67.35873 70.42215 -9999 -9999 -9999
23.53225 25.29433 26.43702 28.72802 29.44156 25.06488 21.71482 20.89606 18.95092 22.10946 30.96142 34.53554 -9999 -9999 -9999 -9999 -9999 49.58120 49.38649 49.19179 48.99708 46.83009 47.44293 48.40184 48.98190 49.74551 52.02054 53.87303 55.65608 56.91666 57.89400 58.87135 50.90107 59.94223 63.41528 64.33693 64.55272 65.28219 65.88705 66.31649 66.71714 66.97478 67.11895 67.36647 67.57090 67.74510 67.80497 68.12456 68.51549 68.92956 69.12301 69.16922 69.13888 69.00949 67.82323 67.04710 66.21801 65.51216 65.00497 64.23700 62.90513 62.33522 62.33865 62.61272 63.50385 64.11362 65.21645 66.26737 67.97470 69.97744 71.46251 73.32568 -9999 -9999
21.06968 23.23183 24.64473 27.07451 29.13437 25.78860 24.60321 25.57518 23.76622 20.23023 25.71525 31.67027 -9999 -9999 -9999 -9999 -9999 45.85245 45.65774 44.47423 44.80115 45.04070 46.23553 47.36307 48.43837 49.90505 51.61011 52.94106 54.56169 56.32496 58.05576 60.45410 60.90358 62.02036 62.39215 62.91134 63.96723 64.88413 65.23417 65.55406 65.94740 66.47875 66.68422 67.00374 67.10473 67.22181 67.27480 67.55688 67.84465 68.23184 68.69004 68.79730 68.80448 68.28827 66.93343 66.26389 65.68457 64.95397 64.41171 63.77973 63.40561 62.73868 62.95001 63.65926 64.41373 65.37254 66.32632 67.68576 70.90302 73.74912 75.30924 76.31094 -9999 -9999
19.44340 21.55620 23.46494 25.74402 28.09540 26.96965 26.74613 28.97485 31.12490 25.40195 18.89426 30.61263 -9999 -9999 -9999 38.33142 39.88958 41.52278 42.25693 42.95972 43.26980 43.81015 44.88417 46.05439 47.29618 48.34581 50.28541 51.72329 53.13764 54.63140 55.98789 57.39917 58.53310 59.37935 60.26581 61.13884 62.01192 62.86950 63.63863 64.32938 64.98421 65.51188 66.05653 66.43564 66.65519 66.81809 66.97821 67.14160 67.45704 67.78179 68.18017 68.57944 68.58502 67.81921 66.65912 65.86816 65.36958 64.74035 64.16867 63.67107 63.29755 63.47965 64.11180 64.99479 65.87777 66.99081 68.49380 70.22929 73.59896 74.27891 75.27663 -9999 -9999 -9999
19.35091 20.30986 21.73991 23.39901 25.24882 26.21610 27.54999 31.55425 33.28023 28.58077 22.60954 27.14365 31.97286 34.18686 36.51054 38.45972 40.15846 40.53897 41.22238 41.84588 42.29906 42.96038 43.73346 44.84649 45.79539 46.97921 48.17773 49.71260 51.24172 52.56572 54.07329 55.40650 56.41448 57.47564 58.26841 58.96182 59.86508 60.61398 61.40694 62.24025 62.97251 63.63432 64.58893 65.52106 66.02683 66.37616 66.54877 66.72316 67.07235 67.39339 67.73811 68.21175 68.47734 67.59413 66.57251 65.77493 65.25579 64.76972 64.26345 63.74902 63.74068 64.13501 64.55069 65.95577 67.33287 68.65302 70.03825 71.90229 73.92554 -9999 -9999 -9999 -9999 -9999
19.33749 20.30106 21.16554 22.09706 23.20347 24.31935 26.61558 30.74841 33.39323 29.33384 26.28735 24.30938 25.97699 31.97522 34.58118 35.44053 36.46309 37.34991 38.23460 39.20182 40.16224 40.87054 41.52505 42.31249 43.38285 44.41269 45.57894 46.81163 48.14428 49.30689 50.99050 52.44733 53.79204 54.97776 55.80896 56.51998 57.16439 57.91215 58.73029 59.52450 60.40369 61.38076 62.53539 63.81922 64.78235 65.71024 66.15994 66.35566 66.64064 66.94474 67.31315 67.81990 68.32808 68.19779 66.83018 66.01947 65.46523 65.04635 64.68106 64.35705 64.28453 64.43709 65.16278 66.31855 67.96362 69.37648 70.62847 72.05743 73.36888 -9999 -9999 -9999 -9999 -9999
19.44831 20.56626 21.55824 22.13243 22.71055 23.43310 25.91762 29.72638 33.50623 30.22941 27.93139 27.33066 25.48755 24.87159 26.39597 28.75536 31.48890 33.57027 34.86120 35.71740 36.56716 37.39367 38.22178 39.11255 40.11529 40.84738 42.10213 43.32282 44.18666 45.20930 46.66309 48.20040 49.78016 51.26838 52.35832 53.23762 54.15255 54.93497 55.88183 56.95751 57.90797 58.94486 60.30026 61.81877 63.29167 64.59872 65.64285 65.99562 66.27410 66.72989 67.28338 67.51539 68.11142 67.81499 67.39282 66.63565 66.11138 65.61175 65.27379 65.10827 65.41204 65.53933 66.19619 67.28621 68.21084 69.34691 70.65221 71.87979 74.02690 -9999 -9999 -9999 -9999 -9999
19.80607 20.86563 21.98012 22.61660 23.33434 23.89549 25.18244 26.95707 31.11912 31.74604 29.69545 30.63010 30.49830 31.47615 29.17006 28.60153 28.97748 30.18694 31.07091 31.76493 32.91043 34.06454 35.46580 36.28435 37.13278 38.20960 39.36544 40.63496 41.29537 42.08648 43.30995 44.30049 45.41363 46.47776 48.25299 49.58607 51.16319 52.37534 53.46048 54.53401 55.57138 56.69544 57.95217 59.35151 61.14795 62.88079 64.66736 65.42289 65.73642 66.30410 66.98977 67.40418 67.90044 68.47816 68.37252 67.49366 67.04021 66.57086 66.33301 66.83146 67.17151 67.84482 68.33700 68.53565 69.35993 -9999 71.33413 72.64777 -9999 -9999 -9999 -9999 -9999 -9999
20.05783 20.93144 21.88011 22.79320 23.64675 24.21546 25.26875 26.00635 27.40367 29.23005 31.04585 33.07320 33.91718 34.85349 33.86468 34.10972 33.95488 33.02330 32.99519 32.82525 33.34551 33.91577 34.55744 35.31096 35.74125 36.81509 37.93840 38.92122 39.95666 40.81182 41.60355 42.35187 43.14534 44.04712 45.07412 46.24297 47.77235 49.34813 50.91515 52.23148 53.46952 54.73284 55.93486 57.23926 58.79723 60.63762 62.56340 64.19217 64.74439 65.49752 66.18258 66.85846 67.65747 68.49561 69.06827 68.77000 68.39380 68.08363 68.04020 68.50337 69.41116 68.95032 69.45852 -9999 -9999 -9999 71.97946 73.38729 -9999 -9999 -9999 -9999 -9999 -9999
20.11503 21.13108 21.80564 22.80947 23.60923 24.37073 25.27634 26.02252 26.71301 27.69563 28.64441 30.32978 31.84698 33.42955 34.72303 35.34775 36.24920 36.38047 36.64724 37.07113 36.90409 36.73176 36.53463 36.75858 37.26992 37.52600 38.01993 38.51085 39.14322 40.13265 40.76727 41.32975 42.04283 42.91347 43.76722 44.66836 46.14384 47.52054 48.87918 50.04555 51.34500 52.62711 54.04484 55.44505 56.87042 58.92534 60.96067 62.62371 63.73996 64.70858 65.50531 66.23162 67.13007 68.20772 69.00468 69.47741 69.59032 69.55930 69.62276 70.13921 69.61889 -9999 -9999 -9999 -9999 -9999 72.42731 73.58635 -9999 -9999 -9999 -9999 -9999 -9999
19.51843 20.85407 21.97732 22.98986 23.68417 24.40294 25.42886 26.11375 26.79603 27.56036 28.25483 29.12596 30.20227 31.37491 32.83051 33.96792 34.88034 36.16685 37.19810 38.11287 38.44787 38.86996 39.16121 39.52605 39.62542 39.54707 39.49993 39.65874 40.07893 40.54135 40.80823 41.26610 41.82165 42.54176 43.32442 44.43879 45.64492 46.50762 47.60185 48.57099 49.68051 50.87808 52.32608 53.76413 55.32798 56.97201 59.57341 61.46076 62.89735 63.89149 64.78178 65.68698 66.60738 67.65027 69.04692 69.43784 69.84923 70.09170 70.12426 70.23085 70.06730 -9999 -9999 -9999 -9999 -9999 72.93499 73.78542 -9999 -9999 -9999 -9999 -9999 -9999
17.87164 19.95799 21.55935 22.95727 23.91429 24.62446 25.40287 26.30255 26.81735 27.47919 28.06833 28.55385 29.19215 30.01412 30.98039 32.07787 33.28056 34.46220 35.54028 36.78916 37.77208 38.59123 39.31507 40.10338 40.42783 40.57048 41.01620 41.07418 41.14814 41.44238 41.62706 41.85283 42.25963 42.78662 43.34356 44.08166 45.05548 45.92260 46.59227 47.32049 48.16053 49.39215 50.77247 52.15484 53.67706 55.23772 57.52078 59.82707 61.69823 63.03355 64.01338 65.08636 66.15495 67.22601 68.72549 69.55918 69.94433 70.30364 70.43728 70.57497 70.67450 -9999 -9999 -9999 -9999 -9999 73.47287 73.98449 -9999 -9999 -9999 -9999 -9999 -9999
15.01056 17.26953 20.32455 22.63041 23.95252 24.80268 25.60374 26.45959 27.08288 27.47331 28.17537 28.78401 29.19288 29.66422 30.18048 31.15758 32.40956 33.53362 34.33296 34.98521 36.12703 37.28572 37.74558 38.49626 39.26465 39.98558 40.72334 41.45556 41.47936 41.86981 42.36919 42.75159 42.93399 43.38587 43.77157 44.19745 44.80139 45.32590 45.98741 46.52243 46.91819 47.65463 48.59447 50.12482 51.86753 53.91428 56.06330 58.25965 60.17173 62.08552 63.36118 64.52667 65.62407 66.82742 68.15785 69.49152 70.00165 70.27880 70.47133 70.71866 71.03195 -9999 -9999 -9999 -9999 -9999 73.81820 74.18355 -9999 -9999 -9999 -9999 -9999 -9999
13.95544 17.45066 20.09980 22.88591 24.35505 25.36570 26.09652 26.85472 27.34760 27.91670 28.29477 28.86362 29.52258 30.14797 30.61661 31.01299 31.89186 33.10728 34.27655 35.50087 36.40860 36.82208 37.24095 37.79299 38.47905 39.08397 39.65682 40.36201 41.28052 41.72508 42.38470 42.72327 43.06186 43.67706 44.23082 44.65554 44.89137 45.06500 45.10757 45.47662 46.04255 46.92519 47.84049 48.89059 50.33190 52.35306 54.55650 56.77970 58.81692 60.81592 62.56739 63.81681 65.15473 66.59143 68.03578 69.25864 69.85790 70.10381 70.32086 70.51471 70.92067 -9999 -9999 -9999 -9999 -9999 74.04426 74.38262 -9999 -9999 -9999 -9999 -9999 -9999
14.43958 14.81451 15.31738 20.85163 26.25278 26.37444 27.10107 27.69528 28.02091 28.46909 28.97216 29.61455 30.25192 30.76735 31.16541 31.37467 32.15628 32.91810 33.93033 35.37549 37.05358 38.69235 38.96303 38.87151 39.82202 39.85305 39.60550 39.55692 40.24469 41.06670 41.91572 42.63243 43.25005 43.86651 44.38460 44.84385 45.23054 45.47242 45.62777 45.57318 45.60582 45.77070 46.31226 47.51853 48.64079 50.26297 52.69450 55.37085 57.47416 59.59503 61.70704 63.35681 64.84650 66.56369 68.03281 69.10073 69.78931 70.09312 70.32862 70.48515 70.73824 -9999 -9999 -9999 -9999 -9999 74.32129 74.87451 -9999 -9999 -9999 -9999 -9999 -9999
18.90721 18.19855 18.40737 22.17662 25.03857 28.21779 29.14352 29.57068 29.86466 30.07066 30.42814 30.83389 31.22658 31.42815 31.84822 32.30371 32.73710 33.36204 34.15444 35.27590 37.07054 38.91995 40.77489 41.91266 42.55225 43.02664 42.88971 43.08034 42.84295 42.34033 41.66319 42.22147 43.05573 43.97966 44.83984 45.34886 45.72558 46.04320 46.32172 46.46772 46.52053 46.39804 46.28871 46.73804 47.61916 49.02125 51.08633 53.74576 56.02598 58.15941 60.39435 62.73891 64.65852 66.74603 68.24860 69.27996 69.82090 70.06912 70.31746 70.41597 70.48412 -9999 -9999 -9999 -9999 -9999 -9999 75.08171 75.63906 -9999 -9999 -9999 -9999 -9999
