SMSCG data/Percent_time_lt6psu_100mGrid_UTM_NoAction_01_Summer Operation.asc
ncols         302 
nrows         249 
xllcorner     574000.000000 
yllcorner     4208300.000000 
cellsize      100.000000 
NODATA_value  -9999 
[rows 165 to 197 of 249, columns 74 to 147 of 302]
0.00000 0.00000 0.00000 0.00000 0.00000 0.00000 0.00000 0.00000 0.00000 0.00000 0.00000 0.00000 0.00000 0.00000 0.00000 0.00000 0.00000 0.00000 0.00000 0.00000 0.00000 0.00000 0.00000 0.00000 0.00000 0.00000 0.00000 0.00000 0.00000 0.00000 0.00000 0.00000 0.00000 0.00000 0.00000 0.00622 0.07103 0.20491 0.44414 0.68367 0.97540 1.09963 1.12213 1.08517 1.15917 1.28658 1.30847 1.65341 1.93188 2.61634 2.70191 2.95827 2.90541 3.12778 3.80344 -9999 -9999 -9999 -9999 -9999 -9999 -9999 -9999 -9999 -9999 -9999 -9999 -9999 -9999 -9999 -9999 -9999 -9999 -9999
0.00000 0.00000 0.00000 0.00000 0.00000 0.00000 0.00000 0.00000 0.00000 0.00000 0.00000 0.00000 0.00000 0.00000 0.00000 0.00000 0.00000 0.00000 0.00000 0.00000 0.00000 0.00000 0.00000 0.00000 0.00000 0.00000 0.00000 0.00000 0.00000 0.00000 -9999 0.00000 0.00000 0.00000 0.00000 0.00000 0.00000 0.08002 0.23867 0.48190 0.93170 1.28324 1.40246 1.46198 1.41156 1.39219 1.45399 1.68367 1.91534 2.22271 2.34633 2.61143 3.22673 3.91344 4.40074 4.43393 -9999 -9999 -9999 -9999 -9999 -9999 -9999 -9999 -9999 -9999 -9999 -9999 -9999 -9999 -9999 -9999 -9999 -9999
0.00000 0.00000 0.00000 0.00000 0.00000 0.00000 0.00000 0.00000 0.00000 0.00000 0.00000 0.00000 0.00000 0.00000 0.00000 0.00000 0.00000 0.00000 0.00000 0.00000 0.00000 0.00000 0.00000 0.00000 0.00000 0.00000 0.00000 0.00000 0.00000 0.00000 0.00000 -9999 -9999 -9999 0.00000 0.00000 0.00000 0.00000 0.01168 0.13995 0.45847 0.96461 1.53829 1.99674 1.96829 1.96040 1.96133 1.97475 2.18981 2.42576 2.59170 2.86785 3.06161 3.34329 3.94138 4.68090 5.41859 5.52937 5.87367 -9999 -9999 -9999 -9999 -9999 -9999 -9999 -9999 -9999 -9999 -9999 -9999 -9999 -9999 -9999
0.00000 0.00000 0.00000 0.00000 0.00000 0.00000 0.00000 0.00000 0.00000 0.00000 0.00000 0.00000 0.00000 0.00000 0.00000 0.00000 0.00000 0.00000 0.00000 0.00000 0.00000 0.00000 0.00000 0.00000 0.00000 0.00000 0.00000 0.00000 0.00000 0.00000 0.00000 -9999 -9999 -9999 -9999 0.00000 0.00000 0.00000 0.00000 0.00000 0.20766 0.70930 1.21095 1.68580 2.14843 2.47177 2.61841 2.52423 2.44670 2.54974 2.75975 2.93660 3.18982 3.43776 3.61850 3.91152 4.60844 5.63287 6.42446 6.22361 -9999 -9999 -9999 -9999 -9999 -9999 -9999 -9999 -9999 -9999 -9999 -9999 -9999 -9999
0.00000 0.00000 0.00000 0.00000 0.00000 0.00000 0.00000 0.00000 0.00000 0.00000 0.00000 0.00000 0.00000 0.00000 0.00000 0.00000 0.00000 0.00000 0.00000 0.00000 0.00000 0.00000 0.00000 0.00000 0.00000 0.00000 0.00000 0.00000 0.00000 0.00000 0.00000 0.00000 -9999 -9999 -9999 -9999 -9999 -9999 -9999 -9999 0.18683 0.68848 1.18573 1.62488 1.96621 2.30920 2.52799 2.74678 2.97138 3.07120 3.15272 3.08507 3.25006 3.45948 3.69430 4.01559 4.42402 5.06280 5.91158 6.44760 7.13287 7.78306 -9999 -9999 -9999 -9999 -9999 -9999 -9999 -9999 -9999 -9999 -9999 -9999
0.00000 0.00000 0.00000 0.00000 0.00000 0.00000 0.00000 0.00000 0.00000 0.00000 0.00000 0.00000 0.00000 0.00000 0.00000 0.00000 0.00000 0.00000 0.00000 0.00000 0.00000 0.00000 0.00000 0.00000 0.00000 0.00000 0.00000 0.00000 0.00000 0.00000 0.00000 -9999 -9999 -9999 -9999 -9999 -9999 -9999 -9999 0.00000 0.16601 0.66765 -9999 -9999 -9999 -9999 -9999 -9999 2.75071 3.14716 3.52798 3.88913 3.77503 3.72718 3.77852 4.03443 4.33450 4.81433 5.41990 6.11805 7.02847 8.29622 8.55336 8.90909 -9999 -9999 -9999 -9999 -9999 -9999 -9999 -9999 -9999 -9999
0.00000 0.00000 0.00000 0.00000 0.00000 0.00000 0.00000 0.00000 0.00000 0.00000 0.00000 0.00000 0.00000 0.00000 0.00000 0.00000 0.00000 0.00000 0.00000 0.00000 0.00000 0.00000 0.00000 0.00000 0.00000 0.00000 0.00000 0.00000 0.00000 0.00000 0.00000 -9999 -9999 -9999 -9999 -9999 -9999 -9999 0.00000 0.00000 0.14518 -9999 -9999 -9999 -9999 -9999 -9999 -9999 -9999 -9999 -9999 3.65709 3.88598 4.14970 4.31696 4.31972 4.32563 4.62294 5.06440 5.73145 6.54591 7.35745 8.46614 9.44177 9.20952 9.47233 -9999 -9999 -9999 -9999 -9999 -9999 -9999 -9999
0.00000 0.00000 0.00000 0.00000 0.00000 0.00000 0.00000 0.00000 0.00000 0.00000 0.00000 0.00000 0.00000 0.00000 0.00000 0.00000 0.00000 0.00000 0.00000 0.00000 0.00000 0.00000 0.00000 0.00000 0.00000 0.00000 0.00000 0.00000 0.00000 0.00000 0.00000 -9999 -9999 -9999 -9999 -9999 0.00000 0.00000 0.00000 0.00000 0.12436 0.52584 -9999 -9999 -9999 -9999 -9999 -9999 -9999 -9999 -9999 -9999 -9999 3.99147 4.25355 4.56989 4.78815 4.79459 4.90452 5.38714 6.07074 7.04106 8.08327 9.32751 9.15380 10.00326 10.26606 10.52886 -9999 -9999 -9999 -9999 -9999 -9999
0.00000 0.00000 0.00000 0.00000 0.00000 0.00000 0.00000 0.00000 0.00000 0.00000 0.00000 0.00000 0.00000 0.00000 0.00000 0.00000 0.00000 0.00000 0.00000 0.00000 0.00000 0.00000 0.00000 0.00000 0.00000 0.00000 0.00000 0.00000 0.00000 0.00000 0.00000 0.00000 -9999 -9999 -9999 0.00000 0.00000 0.00000 0.00000 0.00000 0.07248 0.26712 -9999 -9999 -9999 -9999 -9999 -9999 -9999 -9999 -9999 -9999 -9999 -9999 -9999 -9999 4.84490 5.50770 5.77757 5.55173 5.75948 6.01421 7.06568 8.43358 10.14358 9.97268 9.54797 10.68153 11.26865 11.44562 11.62260 11.79957 12.28497 13.82117
0.00000 0.00000 0.00000 0.00000 0.00000 0.00000 0.00000 0.00000 0.00000 0.00000 0.00000 0.00000 0.00000 0.00000 0.00000 0.00000 0.00000 0.00000 0.00000 0.00000 0.00000 0.00000 0.00000 0.00000 0.00000 0.00000 0.01351 0.00642 0.00138 0.00024 0.00000 0.00000 0.00000 0.00000 0.00000 0.00000 0.00000 0.00000 0.00000 0.00000 0.00000 0.01196 -9999 -9999 -9999 -9999 -9999 -9999 -9999 -9999 -9999 -9999 -9999 -9999 -9999 -9999 -9999 -9999 6.00835 6.71408 6.76973 6.24718 6.42882 7.30734 9.14693 10.61841 11.48115 11.99339 11.07139 11.03495 11.17096 11.39184 10.28971 9.87121
0.00000 0.00000 0.00000 0.00000 0.00000 0.00000 0.00000 0.00000 0.00000 0.00000 0.00000 0.00000 0.00000 0.00000 0.00000 0.00000 0.00000 0.00000 0.00000 0.00000 0.00000 0.00000 0.00000 0.00000 0.00000 0.04001 0.07029 0.07420 0.04556 0.02150 0.00000 0.00000 0.00000 0.00000 0.00000 0.00000 0.00000 0.00000 0.00000 0.00000 0.00000 0.00000 0.24519 -9999 -9999 -9999 -9999 -9999 -9999 -9999 -9999 -9999 -9999 -9999 -9999 -9999 -9999 -9999 -9999 -9999 8.20378 7.94311 7.08088 6.69718 5.89686 8.76676 10.43633 11.47148 10.44132 9.39588 9.57984 8.72544 8.48719 9.79289
0.00000 0.00000 0.00000 0.00000 0.00000 0.00000 0.00000 0.00000 0.00000 0.00000 0.00000 0.00000 0.00000 0.00000 0.00000 0.00000 0.00000 0.00000 0.00000 0.00000 0.00000 0.00000 0.00000 0.00000 0.00000 0.03687 0.11136 0.13928 0.12056 0.06545 0.02020 0.00000 0.00000 0.00000 0.00000 0.00000 0.00000 0.00000 0.00000 0.00000 0.00000 0.00000 0.09849 0.47711 -9999 -9999 -9999 -9999 -9999 -9999 -9999 -9999 -9999 -9999 -9999 -9999 -9999 -9999 -9999 -9999 -9999 9.15297 8.87589 7.47107 6.54536 5.68667 6.95979 8.65760 9.24910 9.21218 9.11236 11.22834 12.13837 12.46185
0.00000 0.00000 0.00000 0.00000 0.00000 0.00000 0.00000 0.00000 0.00000 0.00000 0.00000 0.00000 0.00000 0.00000 0.00000 0.00000 0.00000 0.00000 0.00000 0.00000 0.00000 0.00000 0.00000 0.00000 0.00000 0.00000 0.07978 0.15411 0.16887 0.17051 0.15527 0.12174 0.06692 0.00000 0.00000 0.00000 0.00000 0.00000 0.01671 0.00000 0.02007 0.00000 0.03237 0.41098 -9999 -9999 -9999 -9999 -9999 -9999 -9999 -9999 -9999 -9999 -9999 -9999 -9999 -9999 -9999 -9999 -9999 -9999 10.27685 8.87103 8.54954 7.83007 8.60821 9.25182 9.76923 10.22111 10.96000 12.27222 12.64945 12.96086
0.00000 0.00000 0.00000 0.00000 0.00000 0.00000 0.00000 0.00000 0.00000 0.00000 0.00000 0.00000 0.00000 0.00000 0.00000 0.00000 0.00000 0.00000 0.00000 0.00000 0.00000 0.00000 0.00000 0.00000 0.00000 0.00000 0.02950 0.12410 0.19104 0.24766 0.22577 0.23650 0.25169 0.17067 0.08248 0.00000 0.00000 0.01905 0.08187 0.07015 0.04650 0.03226 0.01068 -9999 -9999 -9999 -9999 -9999 -9999 -9999 -9999 -9999 -9999 -9999 -9999 -9999 -9999 -9999 -9999 -9999 -9999 -9999 11.16245 10.92134 9.73209 10.27305 10.38030 10.78843 11.84161 11.98818 11.74145 12.44223 14.52333 14.45104
0.00000 0.00000 0.00000 0.00000 0.00000 0.00000 0.00000 0.00000 0.00000 0.00000 0.00000 0.00000 0.00000 0.00000 0.00000 0.00000 0.00000 0.00000 0.00000 0.00000 0.00000 0.00000 0.00000 0.00000 0.00000 0.00000 0.00965 0.08544 0.14994 0.19378 0.23020 0.26861 0.28124 0.29454 0.30781 0.21980 0.15501 0.15140 0.16501 0.16293 0.14269 0.11208 0.04293 0.07408 -9999 -9999 -9999 -9999 -9999 -9999 -9999 -9999 -9999 -9999 -9999 -9999 -9999 -9999 -9999 -9999 -9999 -9999 12.19923 12.64862 11.81904 11.55315 11.66811 11.85468 12.24982 12.42308 12.94737 12.93646 16.61341 16.54112
0.00000 0.00000 0.00000 0.00000 0.00000 0.00000 0.00000 0.00000 0.00000 0.00000 0.00000 0.00000 0.00000 0.00000 0.00000 0.00000 0.00000 0.00000 0.00000 0.00000 0.00000 0.00000 0.00000 0.00426 0.01155 0.00000 0.01124 0.04054 0.11620 0.15577 0.20049 0.25479 0.29673 0.34142 0.36631 0.36992 0.36607 0.29843 0.23351 0.23521 0.20923 0.19659 0.11636 0.01242 0.18576 -9999 -9999 -9999 -9999 -9999 -9999 -9999 -9999 -9999 -9999 -9999 -9999 -9999 -9999 -9999 -9999 -9999 12.49109 13.56246 13.39449 12.77087 12.44611 12.52207 12.75436 13.47025 10.47004 10.35673 18.70349 18.28160
0.00000 0.00000 0.00000 0.00000 0.00000 0.00000 0.00000 0.00000 0.00000 0.00000 0.00000 0.00000 0.00000 0.00000 0.00000 0.00000 0.00000 0.00000 0.00000 0.00000 0.00000 0.00000 0.04158 0.06914 0.09267 0.08494 0.04740 0.04049 0.07753 0.12575 0.17210 0.22854 0.28414 0.36417 0.42446 0.46467 0.47446 0.40672 0.33903 0.30521 0.27420 0.24175 0.20000 0.14771 0.31282 0.78107 -9999 -9999 -9999 -9999 -9999 -9999 -9999 -9999 -9999 -9999 -9999 -9999 -9999 -9999 -9999 -9999 12.61313 14.24363 14.25171 13.91771 13.46694 13.23028 13.17307 13.58953 13.32749 9.40093 20.53210 20.09078
0.00000 0.00000 0.00000 0.00000 0.00000 0.00000 0.00000 0.00000 0.00000 0.00000 0.00000 0.00000 0.00000 0.00000 0.00000 0.00000 0.00000 0.00000 0.00000 0.00000 0.00000 0.01101 0.08363 0.10003 0.11135 0.12385 0.13493 0.13935 0.17401 0.16593 0.14286 0.20029 0.25454 0.33251 0.44426 0.47749 0.59733 0.57432 0.57882 0.49482 0.39680 0.35696 0.28614 0.37010 0.69473 -9999 -9999 -9999 -9999 -9999 -9999 -9999 -9999 -9999 -9999 -9999 -9999 -9999 -9999 -9999 -9999 -9999 12.97477 15.07702 14.94348 14.70216 14.24357 13.98482 13.92563 14.03461 14.60940 16.35252 19.82530 21.96931
0.00000 0.00000 0.00000 0.00000 0.00000 0.00000 0.00000 0.00000 0.00000 0.00000 0.00000 0.00000 0.00000 0.00000 0.00000 0.00000 0.00000 0.00000 0.00000 0.00000 0.02049 0.08808 0.11504 0.13512 0.16875 0.22378 0.32325 0.40175 0.49320 0.40142 0.30592 0.23125 0.22053 0.26020 0.36554 0.45515 0.59803 0.74528 0.74431 0.67485 0.61377 0.51356 0.38639 0.77757 -9999 -9999 -9999 -9999 -9999 -9999 -9999 -9999 -9999 -9999 -9999 -9999 -9999 -9999 -9999 -9999 9.23902 10.23836 13.92572 15.05758 14.48025 14.87942 14.84447 14.75782 14.50754 14.69407 15.15921 16.64545 18.58985 20.61254
0.00000 0.00000 0.00000 0.00000 0.00000 0.00000 0.00000 0.00000 0.00000 0.00000 0.00000 0.00000 0.00000 0.00000 0.00000 0.00000 0.00000 0.01077 0.04190 0.06377 0.11285 0.13505 0.20818 0.25688 0.34688 0.47888 0.62915 0.72879 0.83933 0.87364 0.62781 0.43809 0.40582 0.43152 0.31096 0.42780 0.51480 0.68374 0.90985 1.03433 0.89935 0.86409 0.96657 1.31851 1.53194 -9999 -9999 -9999 -9999 -9999 -9999 -9999 -9999 -9999 -9999 -9999 -9999 -9999 -9999 7.55197 8.77809 11.17007 11.29501 11.98312 12.75568 13.04000 13.76533 14.69086 14.83976 15.31627 15.64493 16.82959 17.63167 18.85242
0.00000 0.00000 0.00000 0.00000 0.00000 0.00000 0.00000 0.00000 0.00000 0.00000 0.00000 0.00000 0.00000 0.00000 0.00000 0.00000 0.01868 0.03250 0.07452 0.11470 0.13613 0.22652 0.38209 0.57279 0.69935 0.79459 0.93096 1.00803 1.08233 1.19324 1.30408 1.03279 0.81172 0.92016 0.89411 0.63683 0.47589 0.58625 0.78895 0.94480 1.10286 1.23162 1.23929 1.71223 1.98098 2.16537 2.38365 2.55455 2.83025 3.31524 3.81475 -9999 -9999 -9999 -9999 5.21820 5.61596 5.98522 6.45147 7.31782 7.54703 8.30128 8.86196 9.59448 10.19930 11.40865 12.59875 13.57173 14.37648 15.01947 15.70130 16.66597 17.69171 18.52127
0.00000 0.00000 0.00000 0.00000 0.00000 0.00000 0.00000 0.00000 0.00000 0.00000 0.00000 0.00000 0.00000 0.00000 0.00000 0.00577 0.04069 0.08925 0.13174 0.15704 0.33029 0.53202 0.76863 0.99650 1.11166 1.19885 1.21490 1.25557 1.34346 1.47587 1.41594 -9999 -9999 -9999 -9999 1.09722 0.84410 0.63170 0.62927 0.82115 1.03184 1.20468 1.38585 1.59739 1.79936 2.12878 2.60018 2.93904 3.19135 3.45892 3.94878 4.19857 4.43498 4.67139 4.91366 5.28481 5.64678 6.01939 6.29398 6.59256 6.89490 7.21321 8.20669 9.06924 9.94567 10.81524 11.88360 13.05478 14.00554 14.88040 15.69491 16.44245 17.41538 18.43826
0.00000 0.00000 0.00000 0.00000 0.00000 0.00000 0.00000 0.00000 0.00000 0.00000 0.00000 0.00000 0.00000 0.00000 0.00100 0.05671 0.12204 0.17520 0.39531 0.51502 0.74950 0.96938 1.17850 1.37958 1.50409 1.57351 1.57544 1.55475 1.66165 -9999 -9999 -9999 -9999 -9999 -9999 -9999 -9999 1.08022 0.84616 0.67739 0.76018 0.98220 1.18682 1.35739 1.56334 1.77548 2.05924 2.39552 2.84376 3.37054 3.77372 4.08598 4.33991 4.59054 4.80913 5.02863 5.22350 5.44669 5.89523 6.51554 7.08139 7.77483 8.50314 9.26507 10.12202 10.97279 11.83721 12.90232 13.86185 14.78718 15.69846 16.68965 17.36054 18.34717
0.00000 0.00000 0.00000 0.00000 0.00000 0.00000 0.00000 0.00000 0.00000 0.00000 0.00000 0.00000 0.00000 0.02790 0.09371 0.17241 0.37261 0.55163 0.89000 1.11452 1.31022 1.45143 1.57748 1.77567 2.00079 2.10201 1.87892 -9999 -9999 -9999 -9999 -9999 -9999 -9999 -9999 -9999 -9999 -9999 -9999 1.77709 1.33753 0.91073 0.85833 1.06427 1.24978 1.63738 2.00577 2.27243 2.54821 2.72798 2.94120 3.29118 3.70685 3.92094 4.26891 4.70402 5.07901 5.50696 6.03717 6.62356 7.12428 7.88797 8.70740 9.52538 10.26856 11.18439 11.91522 12.89175 13.90621 14.91301 15.85977 16.82872 17.58281 18.56992
0.00000 0.00000 0.00000 0.00000 0.00000 0.00000 0.00000 0.00000 0.00000 0.00000 0.00000 0.02130 0.10215 0.20610 0.51933 0.82401 1.13554 1.34548 1.54543 1.67517 1.78102 1.90316 2.11815 2.38152 2.62225 2.44937 -9999 -9999 -9999 -9999 -9999 -9999 -9999 -9999 -9999 -9999 -9999 -9999 -9999 -9999 2.55522 3.09887 2.31434 2.30807 1.36494 1.38217 1.75091 2.16734 2.49384 2.74890 2.97748 3.26177 3.66076 3.97407 4.31357 4.81926 5.16460 5.58577 6.11275 6.51089 7.05321 7.73277 8.56757 9.45606 10.32111 11.22768 11.88571 12.70624 13.69708 14.75268 15.92997 16.97721 18.02940 18.95120
0.00000 0.00000 0.00000 0.00000 0.00000 0.00000 0.00000 0.00000 0.00000 0.01273 0.03164 0.19336 0.47999 0.78746 1.19031 1.48544 1.70125 1.90281 2.13589 2.37968 2.44704 2.51511 2.71851 2.90969 2.93977 -9999 -9999 -9999 -9999 -9999 -9999 -9999 -9999 -9999 -9999 -9999 -9999 -9999 -9999 -9999 -9999 4.95527 4.95549 5.84272 4.39941 3.36520 3.28815 3.08203 2.67502 2.79380 3.16948 3.56156 3.86559 4.07977 4.43597 4.78757 5.04660 5.36835 5.73606 6.23585 7.03722 7.58919 8.37089 9.16887 10.00376 11.00981 11.23052 12.25576 13.34298 13.97510 15.35372 16.55464 17.84917 19.06227
0.00000 0.00000 0.00000 0.00000 0.00000 0.00000 0.00000 0.00976 0.04155 0.11477 0.23250 0.57956 0.97291 1.36536 1.63515 1.87505 2.18377 2.50633 2.81970 2.91164 2.93646 2.92801 2.98064 3.00394 2.90979 2.96561 2.78935 2.89473 2.99384 3.03386 3.11949 3.16190 3.15489 3.35144 3.50935 -9999 -9999 -9999 -9999 -9999 4.99060 5.69103 5.79478 5.85590 5.17348 5.39283 5.84587 6.36711 6.40234 6.08732 5.96047 5.84354 5.70978 5.17616 5.25036 5.45818 5.63770 5.98326 6.12483 6.65093 7.21868 7.57042 7.92290 8.53541 9.23306 9.55837 10.11207 10.66918 11.81861 12.83559 14.12879 15.58407 17.16485 18.86368
0.00000 0.00000 0.00000 0.00000 0.00000 0.00000 0.00000 0.02206 0.15804 0.61222 0.92354 1.17483 1.43410 1.77652 2.12975 2.45317 2.69363 2.87933 3.03233 3.21085 3.28310 3.28233 3.24724 3.24027 3.07181 3.00512 3.11962 3.24141 3.31545 3.35656 3.38618 3.38043 3.35329 3.48226 3.70946 3.77900 3.58503 3.43904 -9999 4.94587 5.11397 5.22226 5.58942 5.76537 6.14751 6.80931 7.37491 7.76100 8.01001 8.11384 8.20394 8.27983 8.36383 8.38423 8.40775 8.16367 8.20407 7.91028 7.90976 8.09472 8.13595 8.28356 8.29396 8.77031 8.72943 8.66152 8.86941 9.18631 10.22114 11.07299 12.29869 13.81465 15.87505 17.75737
0.00000 0.00000 0.00000 0.00000 0.00000 0.00232 0.06344 0.29554 0.68166 1.09663 1.35352 1.61683 1.92405 2.23269 2.55489 2.68894 2.71963 2.79141 2.83568 3.02258 3.17289 3.21725 3.40716 3.58805 3.62376 3.52165 3.47254 3.50552 3.48716 3.44097 3.46678 3.44318 3.32570 3.34981 3.51021 3.44468 3.70308 4.07895 4.64514 4.78507 4.92607 5.25575 6.10455 6.56204 7.27106 7.83171 8.31922 8.60494 8.87642 9.15114 9.33023 9.41480 9.51777 9.55298 9.62673 9.52774 9.45131 9.32040 9.37394 9.37967 9.42086 9.44044 9.14361 8.91021 8.75724 8.54157 8.46847 8.55069 8.79225 9.08649 10.19119 11.64880 13.53535 15.44216
0.00000 0.00000 0.00000 0.00000 0.00022 0.02541 0.45968 0.88564 1.21096 1.51000 1.75619 1.98267 2.17078 2.27001 2.24783 2.12030 1.98612 1.89048 1.99870 2.09298 2.16827 2.27605 2.41144 2.61515 2.85799 3.03247 3.16674 3.23365 3.42477 3.49364 3.47890 3.49273 3.51808 3.51007 3.56041 3.82546 4.09046 4.36611 4.58868 4.82932 5.44027 6.14323 6.94618 7.82861 8.41807 8.90680 9.30854 9.59524 9.80848 9.82938 10.09607 10.12960 10.13090 10.13378 10.24255 10.18206 10.11087 10.13698 10.26062 10.20830 10.17798 10.02874 9.73374 9.45008 9.13025 8.91878 8.71749 8.70205 8.88331 9.08943 9.42786 10.18036 11.36946 13.12919
0.00000 0.00000 0.00000 0.00000 0.01832 0.42566 0.86002 1.20755 1.51685 1.76933 2.02402 2.17038 1.81541 1.52617 1.46679 1.50527 1.47574 1.45293 1.39435 1.35371 1.31111 1.39404 1.56875 1.71610 1.84955 2.08714 2.32330 2.54160 2.81186 3.07677 3.18710 3.40652 3.65549 4.36531 4.72016 4.98285 5.30896 5.51631 5.87265 5.95771 6.55751 6.84082 7.50022 8.39839 8.95994 9.23669 9.42708 9.78410 10.19004 10.44636 10.56023 10.59760 10.64094 10.71768 10.61715 10.56992 10.50294 10.53747 10.66928 10.64184 10.64608 10.71562 10.66522 10.56057 10.48068 10.27643 10.04628 9.77519 9.49972 9.62086 10.02743 10.41035 11.01086 12.03650
0.00000 0.00000 0.00000 0.00000 0.34202 0.77093 1.10629 1.38035 1.64018 1.49068 1.22631 1.05182 0.63355 0.51839 0.26878 0.27943 0.36716 0.41397 0.60019 0.81940 0.92662 1.01708 1.11894 1.26760 1.47586 1.47916 1.54999 1.62107 2.02954 2.28517 2.59716 2.99122 3.21565 3.69927 4.41048 4.81508 4.86418 5.22460 5.50328 5.79414 6.11225 6.34596 6.53324 6.74803 7.13436 7.62598 8.16618 8.64199 9.25503 9.81901 10.24870 10.56648 10.71592 10.82722 10.77583 10.76299 10.81157 10.84454 10.94228 11.07120 11.10721 11.21180 11.82629 12.38156 12.79456 12.82243 12.76570 12.63745 12.77490 13.08213 13.40929 13.48366 13.87169 14.12492
0.00000 0.00000 0.00390 0.26462 0.60711 0.95340 1.18166 1.12636 0.85392 0.62063 0.43732 0.21319 0.24720 0.31416 0.46534 1.16044 1.53383 1.69891 1.87782 2.05743 2.19212 2.33252 2.40652 2.44886 2.48972 2.48654 2.44458 2.28995 2.24189 2.26852 2.41004 2.54998 2.72735 2.93975 3.20911 3.39004 3.81453 4.35810 4.77825 5.11850 5.25975 5.48143 5.61622 6.06994 6.53803 6.99385 7.20104 7.63250 8.05836 8.54323 9.11107 9.66021 10.15074 10.35095 10.85243 11.00477 11.04358 11.32416 11.70572 12.21423 12.77995 13.46174 14.20079 15.13675 16.17387 17.36796 17.85359 18.08959 18.23083 18.36348 18.53629 19.14374 19.21889 18.92724
